T_(ms),Sys_Volts_(V),Comp_P_(mA),Piezo_P_(mA),Piezo_out_(mV),V_dist_(mA),LC_(grams)

27.020,20.476,12.967,7.780,11800,17.396,7894
39.173,20.481,12.978,7.769,12000,17.396,7894
50.738,20.481,12.978,7.769,12000,17.385,7894
60.618,20.481,12.967,7.769,12000,17.374,7894
70.622,20.481,12.934,7.857,12000,17.363,7894
80.674,20.481,12.967,7.857,12000,17.341,7894
89.657,20.481,12.967,7.890,12000,17.341,7897
100.631,20.481,12.967,7.912,12000,17.330,7897
109.564,20.481,12.967,7.912,12000,17.319,7897
122.649,20.481,12.967,7.879,12000,17.308,7897
130.667,20.481,12.978,7.890,12000,17.297,7897
138.512,20.481,12.967,7.868,12000,17.297,7897
147.613,20.481,12.967,7.868,12000,17.297,7897
156.787,20.481,12.956,7.868,12000,17.297,7897
165.600,20.481,12.956,7.857,12000,17.297,7897
175.376,20.481,12.967,7.857,12000,17.297,7897
185.398,20.477,12.967,7.857,12000,17.297,7931
194.379,20.477,12.967,7.857,12000,17.297,7931
203.309,20.477,12.967,7.857,12000,17.297,7931
212.346,20.477,12.967,7.868,12000,17.297,7931
220.305,20.477,12.967,7.868,12000,17.286,7931
228.391,20.477,12.967,7.868,12000,17.286,7931
237.360,20.477,12.967,7.868,12000,17.286,7931
245.408,20.477,12.967,7.868,12000,17.286,7931
256.349,20.477,12.967,7.868,12000,17.286,7931
265.533,20.477,12.967,7.868,12000,17.286,7931
275.363,20.477,12.967,7.868,12000,17.286,7887
284.311,20.481,12.967,7.868,12000,17.286,7887
292.402,20.481,12.967,7.868,12000,17.286,7887
301.382,20.481,12.967,7.868,12000,17.286,7887
309.396,20.481,12.956,7.868,12000,17.286,7887
318.425,20.481,12.956,7.868,12000,17.286,7887
329.559,20.481,12.967,7.868,12000,17.286,7887
337.399,20.481,12.967,7.868,12000,17.286,7887
346.344,20.481,12.967,7.868,12000,17.286,7887
353.381,20.481,12.967,7.857,12000,17.286,7887
361.344,20.481,12.967,7.857,12000,17.286,7743
370.339,20.481,12.967,7.857,12000,17.286,7743
379.517,20.481,12.967,7.857,12000,17.286,7743
387.434,20.481,12.967,7.857,12000,17.286,7743
398.022,20.481,12.978,7.857,12000,17.286,7743
407.180,20.481,12.978,7.868,12000,17.286,7743
418.304,20.481,12.978,7.857,12000,17.286,7743
431.409,20.481,12.967,7.857,12000,17.286,7743
439.682,20.481,12.967,7.857,12000,17.286,7743
447.336,20.481,12.967,7.857,12000,17.286,7743
455.785,20.481,12.967,7.857,12000,17.286,7757
467.284,20.481,12.967,7.857,12000,17.286,7757
475.289,20.481,12.978,7.857,12000,17.286,7757
482.286,20.481,12.967,7.868,12000,17.286,7757
489.347,20.481,12.967,7.868,12000,17.286,7757
496.462,20.481,12.967,7.868,12000,17.286,7757
510.336,20.481,12.956,7.857,12000,17.286,7757
519.279,20.481,12.967,7.857,12000,17.286,7757
528.397,20.481,12.956,7.868,12000,17.286,7757
536.324,20.481,12.956,7.868,12000,17.286,7757
543.286,20.481,12.956,7.868,12000,17.286,7786
552.343,20.481,12.967,7.868,12000,17.286,7786
562.342,20.481,12.967,7.868,12000,17.286,7786
572.798,20.481,12.967,7.879,12000,17.286,7786
581.342,20.481,12.956,7.857,12000,17.286,7786
590.000,20.481,12.956,7.857,12000,17.286,7786
597.532,20.481,12.967,7.857,12000,17.286,7786
609.599,20.481,12.967,7.857,12000,17.286,7786
621.440,20.481,12.967,7.857,12000,17.286,7786
629.368,20.481,12.967,7.857,12000,17.286,7811
638.413,20.481,12.967,7.857,12000,17.286,7811
651.389,20.481,12.967,7.868,12000,17.286,7811
661.385,20.481,12.956,7.868,12000,17.286,7811
673.476,20.481,12.967,7.868,12000,17.286,7811
683.494,20.481,12.967,7.868,12000,17.286,7811
693.398,20.481,12.967,7.868,12000,17.286,7811
701.394,20.481,12.967,7.868,12000,17.275,7811
710.365,20.481,12.967,7.868,12000,17.275,7811
728.329,20.481,12.967,7.868,12000,17.275,7833
736.480,20.481,12.967,7.868,12000,17.286,7833
746.435,20.481,12.967,7.868,12000,17.286,7833
756.923,20.481,12.956,7.868,12000,17.286,7833
768.458,20.481,12.956,7.868,12000,17.286,7833
785.364,20.481,12.967,7.868,12000,17.286,7833
795.379,20.481,12.978,7.879,12000,17.286,7833
803.465,20.481,12.956,7.879,12000,17.286,7833
817.232,20.481,12.956,7.879,12000,17.286,7855
828.486,20.481,12.956,7.868,12000,17.275,7855
837.428,20.481,12.956,7.868,12000,17.275,7855
850.319,20.481,12.956,7.879,12000,17.275,7855
859.392,20.481,12.956,7.868,12000,17.275,7855
869.456,20.481,12.967,7.868,12000,17.275,7855
880.096,20.481,12.967,7.868,12000,17.275,7855
892.442,20.481,12.967,7.868,12000,17.275,7855
902.526,20.481,12.967,7.857,12000,17.275,7870
910.394,20.481,12.967,7.857,12000,17.275,7870
919.437,20.476,12.967,7.868,12000,17.275,7870
932.117,20.476,12.967,7.868,12000,17.275,7870
944.442,20.476,12.967,7.868,12000,17.275,7870
954.595,20.476,12.967,7.857,12000,17.275,7870
962.393,20.476,12.967,7.857,12000,17.275,7870
975.562,20.476,12.967,7.868,12000,17.275,7870
986.475,20.476,12.967,7.868,12000,17.275,7870
995.366,20.476,12.978,7.868,12000,17.275,7881
1004.930,20.476,12.967,7.868,12000,17.275,7881
1020.416,20.481,12.967,7.868,12000,17.275,7881
1028.421,20.481,12.956,7.868,12000,17.275,7881
1042.422,20.481,12.956,7.868,12000,17.275,7881
1057.584,20.481,12.956,7.868,12000,17.275,7881
1069.327,20.481,12.967,7.868,12000,17.275,7881
1077.329,20.481,12.967,7.868,12000,17.275,7889
1084.367,20.481,12.967,7.868,12000,17.275,7889
1092.452,20.481,12.967,7.879,12000,17.275,7889
1099.440,20.481,12.967,7.868,12000,17.275,7889
1108.423,20.481,12.967,7.868,12000,17.275,7889
1118.472,20.476,12.967,7.868,12000,17.275,7889
1127.399,20.476,12.967,7.868,12000,17.275,7889
1134.434,20.476,12.967,7.868,12000,17.275,7889
1142.440,20.476,12.978,7.868,12000,17.275,7889
1157.873,20.476,12.967,7.868,12000,17.275,7889
1166.448,20.476,12.978,7.879,12000,17.275,7889
1178.483,20.476,12.956,7.868,12000,17.275,7896
1194.343,20.476,12.956,7.868,12000,17.275,7896
1206.929,20.476,12.956,7.868,12000,17.275,7896
1214.335,20.481,12.967,7.879,12000,17.275,7896
1223.571,20.481,12.956,7.868,12000,17.275,7896
1230.304,20.481,12.956,7.868,12000,17.275,7896
1237.311,20.481,12.956,7.857,12000,17.275,7896
1244.337,20.481,12.967,7.857,12000,17.275,7896
1252.303,20.481,12.967,7.857,12000,17.275,7896
1259.355,20.481,12.967,7.857,12000,17.275,7903
1267.339,20.481,12.967,7.857,12000,17.275,7903
1274.335,20.481,12.967,7.857,12000,17.275,7903
1281.380,20.481,12.967,7.857,12000,17.275,7903
1288.372,20.481,12.967,7.868,12000,17.275,7903
1295.318,20.481,12.967,7.868,12000,17.275,7903
1302.563,20.481,12.967,7.868,12000,17.275,7903
1310.341,20.481,12.967,7.868,12000,17.275,7903
1317.342,20.481,12.967,7.868,12000,17.275,7903
1325.365,20.481,12.967,7.868,12000,17.275,7903
1334.815,20.481,12.967,7.868,12000,17.275,7903
1342.317,20.481,12.967,7.868,12000,17.275,7903
1349.410,20.481,12.967,7.868,12000,17.264,7907
1360.650,20.481,12.967,7.868,12000,17.275,7907
1369.451,20.481,12.967,7.868,12000,17.275,7907
1379.393,20.481,12.967,7.868,12000,17.264,7907
1388.434,20.481,12.967,7.868,12000,17.264,7907
1396.394,20.481,12.956,7.868,12000,17.264,7907
1405.357,20.481,12.956,7.868,12000,17.264,7907
1413.354,20.481,12.967,7.868,12000,17.264,7907
1423.429,20.481,12.967,7.868,12000,17.264,7907
1433.733,20.481,12.967,7.868,12000,17.275,7907
1442.498,20.481,12.967,7.868,12000,17.264,7909
1463.396,20.481,12.967,7.857,12000,17.264,7909
1475.500,20.481,12.956,7.857,12000,17.264,7909
1486.595,20.481,12.956,7.868,12000,17.264,7909
1497.377,20.481,12.956,7.868,12000,17.264,7909
1507.374,20.481,12.956,7.857,12000,17.264,7909
1516.398,20.476,12.967,7.857,12000,17.264,7909
1524.360,20.476,12.967,7.857,12000,17.264,7909
1532.333,20.476,12.967,7.868,12000,17.264,7907
1540.351,20.476,12.967,7.868,12000,17.264,7907
1548.354,20.476,12.956,7.868,12000,17.264,7907
1555.352,20.476,12.956,7.868,12000,17.264,7907
1563.411,20.476,12.967,7.868,12000,17.275,7907
1571.354,20.476,12.956,7.868,12000,17.275,7907
1579.345,20.476,12.967,7.868,12000,17.264,7907
1587.484,20.476,12.967,7.868,12000,17.264,7907
1595.451,20.476,12.967,7.868,12000,17.264,7907
1603.471,20.476,12.967,7.879,12000,17.264,7907
1614.780,20.476,12.967,7.868,12000,17.264,7907
1623.439,20.481,12.967,7.868,12000,17.264,7908
1630.337,20.481,12.967,7.868,12000,17.264,7908
1638.396,20.481,12.956,7.868,12000,17.264,7908
1647.453,20.481,12.956,7.868,12000,17.264,7908
1657.481,20.481,12.956,7.868,12000,17.264,7908
1666.435,20.481,12.956,7.868,12000,17.264,7908
1677.690,20.481,12.956,7.868,12000,17.264,7908
1687.317,20.477,12.967,7.868,12000,17.264,7908
1697.404,20.477,12.956,7.868,12000,17.264,7908
1706.441,20.477,12.956,7.868,12000,17.264,7908
1716.372,20.472,12.956,7.868,12000,17.264,7908
1735.581,20.472,12.967,7.868,12000,17.264,7908
1748.564,20.472,12.967,7.868,12000,17.264,7908
1762.828,20.472,12.967,7.868,12000,17.264,7908
1774.805,20.472,12.967,7.868,12000,17.264,7908
1783.743,20.476,12.967,7.868,12000,17.264,7908
1792.441,20.476,12.956,7.868,12000,17.264,7908
1806.484,20.476,12.956,7.868,12000,17.264,7908
1816.495,20.481,12.967,7.868,12000,17.264,7908
1825.413,20.481,12.967,7.868,12000,17.264,7908
1834.376,20.481,12.967,7.868,12000,17.264,7908
1844.422,20.481,12.956,7.868,12000,17.264,7908
1852.385,20.481,12.956,7.868,12000,17.264,7908
1861.580,20.481,12.956,7.868,12000,17.264,7908
1871.518,20.481,12.956,7.868,12000,17.264,7908
1881.475,20.481,12.967,7.868,12000,17.264,7908
1890.447,20.481,12.967,7.868,12000,17.264,7911
1899.383,20.481,12.967,7.868,12000,17.264,7911
1907.467,20.481,12.956,7.868,12000,17.264,7911
1916.452,20.481,12.956,7.868,12000,17.264,7911
1926.117,20.481,12.956,7.868,12000,17.264,7911
1935.711,20.481,12.956,7.857,12000,17.264,7911
1944.477,20.481,12.956,7.857,12000,17.264,7911
1957.411,20.481,12.956,7.868,12000,17.264,7911
1970.143,20.481,12.967,7.868,12000,17.264,7911
1980.913,20.481,12.956,7.857,12000,17.264,7912
1996.463,20.481,12.956,7.857,12000,17.264,7912
2004.474,20.481,12.967,7.857,12000,17.264,7912
2016.460,20.481,12.956,7.857,12000,17.264,7912
2029.838,20.481,12.956,7.868,12000,17.264,7912
2074.868,20.481,12.956,7.868,12000,17.253,7913
2089.776,20.481,12.945,7.868,12000,17.253,7913
2112.851,20.481,12.945,7.868,12000,17.253,7913
2127.428,20.481,12.956,7.879,12000,17.253,7913
2135.794,20.481,12.967,7.868,12000,17.253,7913
2144.528,20.481,12.967,7.868,12000,17.253,7913
2152.913,20.481,12.967,7.868,12000,17.253,7913
2164.615,20.481,12.956,7.868,12000,17.253,7913
2174.660,20.481,12.956,7.879,12000,17.253,7913
2185.848,20.477,12.956,7.879,12000,17.253,7913
2196.708,20.477,12.956,7.879,12000,17.253,7913
2205.469,20.477,12.956,7.868,12000,17.253,7913
2214.595,20.477,12.967,7.868,12000,17.253,7913
2226.989,20.481,12.956,7.868,12000,17.253,7913
2240.296,20.481,12.956,7.868,12000,17.253,7913
2249.482,20.481,12.956,7.868,12000,17.253,7912
2257.448,20.481,12.956,7.868,12000,17.253,7912
2265.372,20.481,12.956,7.868,12000,17.253,7912
2273.398,20.481,12.956,7.868,12000,17.253,7912
2282.412,20.486,12.956,7.868,12000,17.253,7912
2291.478,20.486,12.956,7.868,12000,17.253,7912
2303.326,20.486,12.956,7.868,12000,17.264,7912
2314.468,20.486,12.956,7.868,12000,17.264,7912
2328.657,20.481,12.956,7.868,12000,17.253,7912
2337.564,20.481,12.956,7.868,12000,17.253,7910
2347.386,20.481,12.956,7.868,12000,17.253,7910
2356.427,20.481,12.956,7.868,12000,17.253,7910
2364.475,20.481,12.956,7.868,12000,17.253,7910
2373.388,20.481,12.956,7.868,12000,17.253,7910
2381.427,20.481,12.956,7.868,12000,17.253,7910
2389.415,20.481,12.945,7.868,12000,17.253,7910
2397.432,20.481,12.945,7.868,12000,17.253,7910
2405.469,20.481,12.956,7.868,12000,17.253,7910
2416.401,20.481,12.956,7.868,12000,17.253,7910
2424.527,20.481,12.967,7.868,12000,17.253,7909
2438.608,20.481,12.956,7.868,12000,17.253,7909
2448.450,20.481,12.956,7.868,12000,17.253,7909
2464.318,20.481,12.956,7.868,12000,17.253,7909
2473.404,20.481,12.956,7.868,12000,17.253,7909
2481.413,20.481,12.956,7.868,12000,17.253,7909
2502.353,20.481,12.956,7.868,12000,17.253,7909
2511.154,20.481,12.956,7.868,12000,17.264,7909
2520.394,20.476,12.956,7.868,12000,17.253,7908
2529.450,20.476,12.956,7.868,12000,17.253,7908
2537.493,20.476,12.956,7.868,12000,17.253,7908
2548.429,20.476,12.956,7.868,12000,17.253,7908
2557.415,20.476,12.956,7.868,12000,17.253,7908
2565.364,20.476,12.956,7.868,12000,17.253,7908
2575.703,20.476,12.967,7.868,12000,17.253,7908
2585.470,20.476,12.956,7.868,12000,17.253,7908
2593.937,20.476,12.956,7.868,12000,17.253,7908
2602.397,20.476,12.956,7.868,12000,17.253,7908
2613.385,20.476,12.956,7.868,12000,17.253,7907
2621.428,20.481,12.967,7.868,12000,17.253,7907
2630.401,20.481,12.956,7.868,12000,17.253,7907
2639.478,20.481,12.956,7.868,12000,17.253,7907
2649.506,20.481,12.967,7.868,12000,17.253,7907
2658.730,20.481,12.956,7.868,12000,17.253,7907
2666.442,20.481,12.956,7.868,12000,17.253,7907
2674.518,20.481,12.956,7.868,12000,17.253,7907
2685.959,20.481,12.956,7.868,12000,17.253,7907
2697.487,20.481,12.967,7.868,12000,17.253,7908
2705.494,20.481,12.956,7.868,12000,17.253,7908
2715.398,20.481,12.956,7.868,12000,17.253,7908
2729.456,20.481,12.956,7.868,12000,17.253,7908
2739.746,20.481,12.956,7.868,12000,17.253,7908
2753.161,20.481,12.956,7.868,12000,17.253,7908
2766.482,20.481,12.956,7.868,12000,17.253,7908
2778.428,20.481,12.967,7.868,12000,17.253,7908
2789.589,20.481,12.967,7.868,12000,17.253,7909
2798.462,20.481,12.956,7.868,12000,17.242,7909
2814.500,20.481,12.956,7.868,12000,17.253,7909
2829.305,20.481,12.956,7.868,12000,17.253,7909
2837.481,20.481,12.956,7.868,12000,17.253,7909
2847.426,20.481,12.967,7.868,12000,17.242,7909
2858.825,20.481,12.956,7.868,12000,17.253,7909
2867.502,20.481,12.956,7.868,12000,17.253,7909
2879.651,20.481,12.945,7.879,12000,17.242,7910
2888.804,20.481,12.945,7.868,12000,17.242,7910
2897.982,20.481,12.945,7.868,12000,17.253,7910
2907.428,20.481,12.956,7.868,12000,17.253,7910
2915.441,20.481,12.956,7.868,12000,17.242,7910
2937.474,20.481,12.967,7.868,12000,17.242,7910
2946.459,20.481,12.967,7.868,12000,17.242,7910
2955.460,20.481,12.945,7.868,12000,17.253,7910
2964.505,20.481,12.945,7.857,12000,17.253,7910
2979.748,20.481,12.956,7.857,12000,17.242,7910
2990.458,20.477,12.956,7.868,12000,17.242,7910
2999.680,20.477,12.956,7.868,12000,17.242,7910
3018.633,20.477,12.956,7.868,12000,17.242,7910
3030.208,20.477,12.956,7.868,12000,17.242,7910
3047.546,20.477,12.956,7.868,12000,17.242,7910
3058.691,20.477,12.956,7.868,12000,17.242,7911
3068.752,20.477,12.956,7.868,12000,17.242,7911
3076.938,20.477,12.956,7.879,12000,17.242,7911
3085.580,20.481,12.956,7.868,12000,17.242,7911
3094.145,20.481,12.956,7.868,12000,17.242,7911
3103.910,20.481,12.956,7.868,12000,17.242,7911
3115.408,20.481,12.956,7.868,12000,17.242,7911
3127.098,20.481,12.956,7.868,12000,17.242,7911
3135.581,20.481,12.956,7.868,12000,17.242,7911
3142.534,20.481,12.956,7.868,12000,17.242,7912
3152.268,20.481,12.956,7.868,12000,17.242,7912
3163.501,20.481,12.956,7.868,12000,17.242,7912
3178.780,20.481,12.956,7.857,12000,17.242,7912
3186.435,20.477,12.956,7.857,12000,17.253,7912
3193.447,20.477,12.967,7.857,12000,17.253,7912
3200.397,20.477,12.956,7.857,12000,17.242,7912
3208.435,20.477,12.956,7.868,12000,17.242,7912
3216.449,20.472,12.956,7.868,12000,17.242,7912
3223.411,20.472,12.967,7.868,12000,17.253,7912
3230.403,20.472,12.967,7.868,12000,17.242,7912
3237.398,20.472,12.967,7.868,12000,17.242,7911
3244.355,20.472,12.945,7.868,12000,17.242,7911
3253.421,20.472,12.945,7.868,12000,17.242,7911
3262.353,20.472,12.945,7.868,12000,17.242,7911
3273.482,20.472,12.956,7.879,12000,17.242,7911
3282.403,20.476,12.956,7.868,12000,17.242,7911
3289.408,20.476,12.956,7.868,12000,17.242,7911
3296.401,20.476,12.956,7.868,12000,17.242,7911
3304.408,20.476,12.956,7.868,12000,17.242,7911
3311.432,20.476,12.967,7.868,12000,17.242,7911
3318.548,20.481,12.967,7.868,12000,17.242,7911
3326.575,20.481,12.956,7.857,12000,17.242,7912
3333.462,20.481,12.956,7.857,12000,17.242,7912
3340.398,20.481,12.956,7.857,12000,17.242,7912
3348.392,20.481,12.945,7.868,12000,17.242,7912
3355.389,20.481,12.945,7.868,12000,17.242,7912
3363.396,20.481,12.945,7.868,12000,17.242,7912
3370.412,20.481,12.956,7.868,12000,17.242,7912
3378.379,20.481,12.956,7.868,12000,17.242,7912
3385.433,20.481,12.956,7.868,12000,17.242,7912
3392.815,20.481,12.956,7.879,12000,17.242,7912
3400.498,20.481,12.956,7.868,12000,17.242,7912
3408.445,20.481,12.956,7.868,12000,17.242,7912
3415.412,20.476,12.956,7.868,12000,17.242,7914
3422.404,20.476,12.956,7.868,12000,17.242,7914
3430.998,20.476,12.956,7.868,12000,17.242,7914
3438.386,20.476,12.956,7.868,12000,17.242,7914
3445.427,20.476,12.956,7.868,12000,17.242,7914
3453.477,20.476,12.956,7.868,12000,17.242,7914
3460.413,20.476,12.956,7.868,12000,17.242,7914
3467.801,20.476,12.956,7.868,12000,17.242,7914
3475.399,20.476,12.945,7.868,12000,17.242,7914
3483.533,20.476,12.945,7.868,12000,17.242,7914
3490.381,20.476,12.956,7.868,12000,17.242,7914
3497.399,20.476,12.956,7.868,12000,17.242,7914
3506.459,20.476,12.956,7.868,12000,17.242,7915
3514.410,20.481,12.956,7.868,12000,17.242,7915
3521.477,20.481,12.945,7.857,12000,17.242,7915
3530.408,20.481,12.945,7.857,12000,17.242,7915
3538.418,20.481,12.956,7.857,12000,17.242,7915
3545.391,20.481,12.967,7.868,12000,17.242,7915
3553.432,20.481,12.967,7.868,12000,17.242,7915
3561.435,20.481,12.967,7.868,12000,17.242,7915
3569.436,20.481,12.967,7.868,12000,17.242,7915
3576.645,20.481,12.956,7.868,12000,17.242,7915
3584.938,20.486,12.967,7.868,12000,17.242,7915
3592.865,20.486,12.956,7.868,12000,17.242,7915
3600.414,20.486,12.956,7.868,12000,17.242,7915
3608.502,20.486,12.956,7.868,12000,17.242,7915
3615.411,20.481,12.956,7.868,12000,17.242,7915
3622.405,20.481,12.956,7.868,12000,17.242,7915
3630.410,20.481,12.956,7.868,12000,17.242,7915
3638.417,20.481,12.956,7.868,12000,17.242,7915
3646.426,20.481,12.945,7.868,12000,17.242,7915
3653.422,20.481,12.945,7.868,12000,17.242,7915
3660.488,20.481,12.956,7.868,12000,17.242,7915
3667.846,20.481,12.956,7.868,12000,17.242,7915
3675.406,20.481,12.956,7.868,12000,17.242,7915
3683.453,20.476,12.956,7.868,12000,17.242,7915
3690.408,20.476,12.945,7.868,12000,17.242,7915
3698.392,20.476,12.945,7.868,12000,17.242,7915
3705.421,20.476,12.945,7.868,12000,17.242,7915
3712.453,20.476,12.945,7.868,12000,17.242,7915
3719.474,20.476,12.956,7.868,12000,17.242,7915
3726.622,20.476,12.956,7.868,12000,17.242,7915
3735.145,20.476,12.967,7.868,12000,17.231,7915
3742.932,20.476,12.956,7.868,12000,17.242,7915
3750.503,20.476,12.956,7.868,12000,17.242,7915
3758.813,20.476,12.956,7.868,12000,17.242,7915
3766.407,20.476,12.956,7.868,12000,17.242,7915
3774.604,20.476,12.956,7.868,12000,17.231,7913
3783.509,20.476,12.956,7.868,12000,17.231,7913
3791.437,20.476,12.945,7.868,12000,17.231,7913
3798.435,20.476,12.945,7.868,12000,17.242,7913
3806.427,20.476,12.945,7.868,12000,17.242,7913
3813.448,20.481,12.956,7.868,12000,17.231,7913
3820.427,20.481,12.956,7.868,12000,17.231,7913
3828.439,20.481,12.956,7.868,12000,17.231,7913
3835.463,20.481,12.956,7.879,12000,17.231,7913
3843.501,20.481,12.945,7.868,12000,17.231,7913
3850.487,20.481,12.945,7.868,12000,17.231,7913
3858.574,20.481,12.945,7.868,12000,17.231,7913
3866.483,20.481,12.945,7.879,12000,17.231,7912
3875.554,20.481,12.945,7.879,12000,17.231,7912
3884.100,20.481,12.945,7.879,12000,17.242,7912
3892.513,20.481,12.945,7.868,12000,17.231,7912
3900.495,20.481,12.945,7.868,12000,17.231,7912
3908.508,20.481,12.945,7.879,12000,17.231,7912
3917.515,20.481,12.934,7.868,12000,17.242,7912
3927.219,20.481,12.934,7.868,12000,17.242,7912
3935.069,20.481,12.945,7.868,12000,17.231,7912
3942.501,20.481,12.934,7.868,12000,17.242,7912
3953.483,20.481,12.934,7.879,12000,17.242,7910
3962.456,20.481,12.934,7.879,12000,17.231,7910
3970.563,20.481,12.934,7.868,12000,17.242,7910
3979.505,20.481,12.934,7.868,12000,17.231,7910
3987.438,20.481,12.934,7.857,12000,17.231,7910
3996.400,20.481,12.934,7.857,12000,17.231,7910
4004.497,20.481,12.934,7.857,12000,17.231,7910
4014.508,20.481,12.945,7.868,12000,17.231,7910
4023.499,20.481,12.934,7.868,12000,17.242,7910
4035.264,20.481,12.945,7.868,12000,17.242,7910
4042.483,20.481,12.945,7.868,12000,17.242,7910
4050.469,20.481,12.945,7.868,12000,17.231,7910
4059.526,20.481,12.956,7.868,12000,17.231,7910
4068.483,20.481,12.945,7.868,12000,17.242,7910
4075.459,20.481,12.945,7.868,12000,17.242,7910
4082.446,20.481,12.945,7.868,12000,17.242,7910
4089.438,20.481,12.945,7.868,12000,17.242,7910
4096.449,20.481,12.945,7.868,12000,17.242,7910
4103.501,20.481,12.945,7.868,12000,17.231,7910
4110.529,20.481,12.956,7.868,12000,17.231,7910
4118.693,20.481,12.956,7.868,12000,17.231,7910
4126.504,20.481,12.967,7.868,12000,17.242,7910
4134.558,20.481,12.956,7.868,12000,17.242,7910
4142.503,20.481,12.945,7.868,12000,17.242,7910
4149.519,20.481,12.945,7.868,12000,17.242,7910
4157.450,20.481,12.945,7.879,12000,17.242,7910
4164.468,20.481,12.945,7.868,12000,17.242,7910
4171.529,20.481,12.945,7.868,12000,17.242,7910
4181.520,20.481,12.956,7.857,12000,17.242,7910
4190.266,20.481,12.956,7.857,12000,17.231,7910
4198.035,20.481,12.956,7.857,12000,17.231,7910
4206.525,20.481,12.956,7.857,12000,17.231,7910
4213.554,20.481,12.945,7.868,12000,17.231,7910
4224.855,20.481,12.945,7.868,12000,17.231,7912
4234.495,20.481,12.956,7.868,12000,17.231,7912
4245.491,20.481,12.956,7.868,12000,17.231,7912
4259.513,20.481,12.956,7.868,12000,17.231,7912
4269.673,20.481,12.945,7.868,12000,17.231,7912
4286.503,20.481,12.945,7.868,12000,17.231,7912
4294.461,20.481,12.934,7.868,12000,17.231,7912
4302.452,20.481,12.934,7.868,12000,17.231,7912
4309.447,20.481,12.934,7.868,12000,17.231,7912
4316.464,20.476,12.934,7.868,12000,17.231,7914
4324.452,20.476,12.934,7.868,12000,17.231,7914
4332.454,20.476,12.945,7.868,12000,17.231,7914
4339.454,20.476,12.945,7.868,12000,17.231,7914
4347.009,20.476,12.945,7.868,12000,17.231,7914
4354.487,20.476,12.945,7.868,12000,17.231,7914
4361.444,20.476,12.945,7.857,12000,17.231,7914
4368.455,20.476,12.945,7.857,12000,17.231,7914
4376.447,20.476,12.945,7.868,12000,17.231,7914
4384.426,20.476,12.945,7.868,12000,17.231,7914
4393.456,20.476,12.945,7.868,12000,17.231,7914
4400.433,20.476,12.956,7.879,12000,17.231,7915
4408.463,20.476,12.956,7.868,12000,17.231,7915
4415.693,20.481,12.956,7.868,12000,17.231,7915
4423.458,20.481,12.956,7.868,12000,17.231,7915
4430.453,20.481,12.956,7.868,12000,17.231,7915
4439.558,20.481,12.956,7.868,12000,17.231,7915
4447.498,20.481,12.956,7.868,12000,17.231,7915
4455.792,20.481,12.956,7.868,12000,17.231,7915
4463.731,20.481,12.945,7.868,12000,17.231,7915
4472.115,20.481,12.945,7.879,12000,17.231,7915
4479.463,20.481,12.956,7.868,12000,17.231,7915
4486.460,20.481,12.956,7.868,12000,17.231,7915
4494.517,20.481,12.956,7.868,12000,17.231,7915
4507.112,20.481,12.945,7.868,12000,17.231,7915
4519.053,20.481,12.945,7.868,12000,17.231,7915
4535.507,20.481,12.945,7.868,12000,17.231,7915
4542.475,20.481,12.945,7.868,12000,17.231,7915
4558.183,20.481,12.945,7.868,12000,17.231,7915
4571.620,20.481,12.956,7.868,12000,17.231,7915
4580.444,20.481,12.945,7.857,12000,17.231,7913
4588.530,20.481,12.945,7.857,12000,17.231,7913
4596.479,20.481,12.945,7.868,12000,17.231,7913
4604.636,20.481,12.956,7.868,12000,17.231,7913
4615.520,20.481,12.945,7.868,12000,17.231,7913
4623.462,20.476,12.945,7.868,12000,17.231,7913
4632.508,20.476,12.956,7.868,12000,17.231,7913
4639.584,20.476,12.956,7.879,12000,17.231,7913
4648.527,20.476,12.956,7.857,12000,17.231,7913
4657.534,20.476,12.945,7.857,12000,17.231,7913
4665.519,20.476,12.945,7.857,12000,17.231,7913
4673.505,20.476,12.945,7.868,12000,17.231,7911
4683.703,20.476,12.945,7.868,12000,17.231,7911
4691.482,20.476,12.945,7.868,12000,17.231,7911
4699.482,20.476,12.945,7.857,12000,17.231,7911
4707.571,20.476,12.956,7.857,12000,17.231,7911
4717.604,20.481,12.956,7.868,12000,17.231,7911
4731.542,20.481,12.967,7.857,12000,17.231,7911
4741.562,20.481,12.945,7.857,12000,17.231,7911
4751.814,20.481,12.945,7.868,12000,17.231,7911
4759.746,20.481,12.945,7.868,12000,17.231,7911
4766.505,20.481,12.945,7.868,12000,17.231,7911
4775.747,20.481,12.945,7.857,12000,17.231,7911
4786.817,20.481,12.956,7.857,12000,17.231,7911
4795.593,20.481,12.956,7.857,12000,17.231,7911
4804.677,20.481,12.956,7.857,12000,17.231,7911
4813.531,20.481,12.945,7.857,12000,17.231,7911
4823.313,20.481,12.945,7.868,12000,17.231,7911
4832.559,20.481,12.945,7.868,12000,17.231,7911
4842.282,20.481,12.945,7.868,12000,17.231,7911
4851.531,20.481,12.945,7.868,12000,17.231,7912
4858.494,20.481,12.956,7.868,12000,17.231,7912
4866.468,20.481,12.956,7.868,12000,17.231,7912
4873.448,20.481,12.956,7.868,12000,17.231,7912
4881.465,20.481,12.945,7.868,12000,17.231,7912
4888.453,20.481,12.945,7.868,12000,17.231,7912
4896.447,20.481,12.945,7.868,12000,17.231,7912
4904.452,20.481,12.945,7.868,12000,17.231,7912
4911.481,20.481,12.945,7.868,12000,17.231,7912
4918.525,20.476,12.956,7.868,12000,17.231,7912
4925.677,20.476,12.956,7.857,12000,17.231,7912
4933.977,20.476,12.945,7.857,12000,17.231,7912
4942.578,20.476,12.945,7.857,12000,17.231,7911
4952.059,20.476,12.934,7.857,12000,17.231,7911
4959.693,20.476,12.934,7.868,12000,17.231,7911
4968.154,20.476,12.934,7.868,12000,17.231,7911
4975.660,20.476,12.945,7.868,12000,17.231,7911
4985.238,20.472,12.945,7.868,12000,17.220,7911
4992.580,20.472,12.945,7.868,12000,17.220,7911
5001.679,20.472,12.945,7.868,12000,17.231,7911
5011.460,20.472,12.945,7.868,12000,17.231,7911
5022.511,20.477,12.945,7.857,12000,17.220,7911
5030.975,20.477,12.945,7.857,12000,17.231,7913
5054.139,20.477,12.945,7.868,12000,17.231,7913
5064.761,20.477,12.945,7.868,12000,17.231,7913
5075.511,20.477,12.945,7.868,12000,17.220,7913
5082.533,20.481,12.956,7.879,12000,17.220,7913
5090.481,20.481,12.956,7.868,12000,17.220,7913
5097.462,20.481,12.934,7.868,12000,17.220,7913
5104.526,20.481,12.934,7.868,12000,17.231,7913
5111.473,20.481,12.934,7.879,12000,17.220,7913
5118.461,20.481,12.934,7.879,12000,17.220,7915
5125.510,20.481,12.945,7.879,12000,17.220,7915
5132.467,20.481,12.945,7.879,12000,17.220,7915
5139.532,20.481,12.945,7.868,12000,17.231,7915
5146.511,20.481,12.945,7.868,12000,17.231,7915
5154.539,20.481,12.945,7.868,12000,17.220,7915
5162.671,20.481,12.945,7.868,12000,17.220,7915
5169.499,20.481,12.945,7.857,12000,17.220,7915
5176.512,20.481,12.934,7.857,12000,17.220,7915
5185.524,20.481,12.934,7.868,12000,17.220,7915
5193.384,20.481,12.945,7.868,12000,17.220,7915
5201.555,20.481,12.934,7.868,12000,17.220,7915
5208.519,20.481,12.934,7.868,12000,17.220,7914
5216.489,20.481,12.934,7.868,12000,17.220,7914
5226.432,20.481,12.945,7.868,12000,17.220,7914
5234.511,20.481,12.945,7.868,12000,17.220,7914
5243.684,20.481,12.945,7.868,12000,17.220,7914
5253.599,20.481,12.945,7.868,12000,17.220,7914
5265.660,20.481,12.945,7.868,12000,17.220,7914
5275.598,20.481,12.945,7.868,12000,17.220,7914
5283.513,20.481,12.945,7.868,12000,17.220,7914
5295.048,20.481,12.945,7.857,12000,17.231,7914
5304.767,20.481,12.945,7.857,12000,17.220,7908
5315.627,20.481,12.945,7.857,12000,17.231,7908
5328.357,20.481,12.934,7.857,12000,17.231,7908
5340.045,20.481,12.934,7.868,12000,17.231,7908
5348.353,20.481,12.945,7.868,12000,17.231,7908
5358.019,20.481,12.934,7.868,12000,17.220,7908
5366.796,20.481,12.934,7.857,12000,17.220,7908
5375.549,20.481,12.934,7.857,12000,17.220,7908
5383.515,20.481,12.934,7.857,12000,17.220,7908
5393.605,20.481,12.945,7.857,12000,17.220,7905
5401.533,20.481,12.934,7.868,12000,17.220,7905
5410.709,20.481,12.934,7.868,12000,17.220,7905
5420.618,20.481,12.934,7.868,12000,17.231,7905
5429.657,20.481,12.934,7.857,12000,17.231,7905
5439.886,20.481,12.934,7.857,12000,17.231,7905
5451.631,20.481,12.945,7.857,12000,17.231,7905
5461.604,20.481,12.945,7.857,12000,17.231,7905
5471.729,20.481,12.945,7.857,12000,17.231,7905
5482.111,20.481,12.945,7.868,12000,17.231,7905
5491.541,20.481,12.945,7.868,12000,17.231,7905
5502.538,20.481,12.945,7.857,12000,17.220,7905
5512.848,20.481,12.945,7.857,12000,17.220,7905
5523.914,20.481,12.956,7.868,12000,17.220,7905
5540.507,20.481,12.956,7.857,12000,17.220,7905
5548.978,20.481,12.945,7.857,12000,17.220,7905
5557.583,20.481,12.945,7.857,12000,17.220,7905
5573.000,20.481,12.945,7.857,12000,17.231,7904
5582.351,20.481,12.945,7.868,12000,17.220,7904
5592.411,20.481,12.945,7.868,12000,17.220,7904
5601.815,20.481,12.945,7.868,12000,17.220,7904
5611.653,20.481,12.945,7.868,12000,17.220,7904
5620.639,20.481,12.945,7.868,12000,17.220,7904
5631.922,20.481,12.945,7.868,12000,17.220,7904
5641.253,20.481,12.945,7.868,12000,17.220,7904
5651.496,20.481,12.945,7.868,12000,17.220,7904
5660.639,20.481,12.956,7.868,12000,17.220,7903
5669.594,20.481,12.945,7.868,12000,17.220,7903
5678.598,20.481,12.945,7.868,12000,17.231,7903
5688.047,20.481,12.945,7.857,12000,17.231,7903
5698.596,20.481,12.945,7.857,12000,17.220,7903
5708.740,20.481,12.945,7.857,12000,17.231,7903
5723.492,20.481,12.934,7.857,12000,17.231,7903
5731.518,20.481,12.934,7.868,12000,17.220,7903
5741.102,20.481,12.945,7.868,12000,17.220,7903
5751.250,20.481,12.945,7.857,12000,17.220,7905
5759.680,20.481,12.945,7.857,12000,17.220,7905
5768.709,20.481,12.945,7.857,12000,17.220,7905
5777.603,20.481,12.945,7.857,12000,17.220,7905
5788.144,20.481,12.945,7.857,12000,17.220,7905
5796.625,20.481,12.945,7.868,12000,17.220,7905
5808.746,20.481,12.945,7.868,12000,17.220,7905
5823.121,20.481,12.956,7.868,12000,17.220,7905
5832.687,20.481,12.945,7.857,12000,17.220,7905
5842.551,20.481,12.934,7.857,12000,17.220,7907
5854.900,20.481,12.934,7.868,12000,17.220,7907
5865.221,20.481,12.934,7.868,12000,17.220,7907
5873.875,20.481,12.934,7.868,12000,17.220,7907
5882.564,20.481,12.934,7.868,12000,17.220,7907
5892.597,20.481,12.945,7.868,12000,17.220,7907
5900.576,20.481,12.945,7.868,12000,17.220,7907
5908.418,20.481,12.945,7.868,12000,17.220,7907
5916.648,20.481,12.945,7.879,12000,17.220,7907
5925.679,20.481,12.945,7.868,12000,17.220,7907
5935.554,20.481,12.945,7.868,12000,17.220,7910
5944.594,20.481,12.945,7.857,12000,17.220,7910
5953.620,20.481,12.945,7.857,12000,17.220,7910
5961.515,20.481,12.956,7.857,12000,17.220,7910
5973.434,20.481,12.945,7.857,12000,17.220,7910
5984.548,20.481,12.945,7.857,12000,17.220,7910
5992.635,20.481,12.934,7.857,12000,17.220,7910
6002.523,20.481,12.934,7.857,12000,17.220,7910
6012.754,20.481,12.934,7.857,12000,17.220,7910
6023.789,20.481,12.934,7.868,12000,17.220,7912
6031.896,20.481,12.934,7.868,12000,17.220,7912
6044.561,20.481,12.945,7.868,12000,17.220,7912
6057.087,20.481,12.945,7.868,12000,17.220,7912
6068.587,20.481,12.934,7.868,12000,17.220,7912
6093.582,20.481,12.945,7.868,12000,17.220,7912
6102.161,20.481,12.934,7.868,12000,17.231,7912
6111.006,20.481,12.945,7.868,12000,17.220,7908
6123.683,20.481,12.945,7.868,12000,17.220,7908
6137.050,20.481,12.945,7.868,12000,17.220,7908
6147.586,20.481,12.934,7.857,12000,17.220,7908
6156.625,20.481,12.934,7.857,12000,17.220,7908
6167.170,20.481,12.934,7.857,12000,17.220,7908
6180.768,20.481,12.934,7.868,12000,17.220,7908
6190.657,20.481,12.934,7.868,12000,17.220,7908
6200.667,20.481,12.934,7.868,12000,17.220,7903
6208.608,20.481,12.934,7.868,12000,17.220,7903
6222.774,20.481,12.934,7.857,12000,17.220,7903
6231.681,20.481,12.934,7.857,12000,17.220,7903
6241.847,20.481,12.934,7.868,12000,17.220,7903
6255.571,20.481,12.934,7.857,12000,17.220,7903
6273.789,20.481,12.934,7.857,12000,17.220,7903
6296.514,20.481,12.934,7.857,12000,17.220,7902
6313.868,20.481,12.923,7.868,12000,17.220,7902
6327.956,20.481,12.923,7.868,12000,17.220,7902
6340.577,20.481,12.934,7.868,12000,17.220,7902
6352.350,20.481,12.934,7.868,12000,17.220,7902
6360.817,20.481,12.934,7.868,12000,17.220,7902
6370.892,20.481,12.934,7.868,12000,17.220,7902
6382.657,20.481,12.934,7.868,12000,17.220,7903
6390.542,20.481,12.934,7.868,12000,17.220,7903
6397.566,20.481,12.934,7.868,12000,17.220,7903
6405.558,20.481,12.934,7.868,12000,17.220,7903
6412.621,20.481,12.945,7.868,12000,17.220,7903
6420.675,20.481,12.945,7.868,12000,17.220,7903
6431.669,20.481,12.945,7.868,12000,17.220,7903
6440.611,20.481,12.934,7.857,12000,17.220,7903
6455.694,20.481,12.934,7.857,12000,17.220,7903
6465.724,20.481,12.934,7.857,12000,17.220,7905
6475.753,20.481,12.934,7.857,12000,17.220,7905
6484.799,20.477,12.934,7.857,12000,17.220,7905
6493.423,20.477,12.934,7.857,12000,17.220,7905
6500.704,20.477,12.945,7.857,12000,17.220,7905
6510.088,20.477,12.945,7.868,12000,17.220,7905
6519.364,20.477,12.934,7.857,12000,17.220,7905
6532.557,20.477,12.934,7.857,12000,17.220,7905
6540.619,20.477,12.934,7.857,12000,17.220,7905
6554.688,20.477,12.934,7.868,12000,17.220,7905
6564.522,20.477,12.934,7.857,12000,17.220,7907
6571.539,20.477,12.934,7.857,12000,17.220,7907
6579.647,20.477,12.945,7.857,12000,17.220,7907
6588.596,20.481,12.934,7.868,12000,17.220,7907
6596.558,20.481,12.934,7.868,12000,17.220,7907
6605.633,20.481,12.934,7.868,12000,17.220,7907
6624.644,20.481,12.934,7.857,12000,17.220,7907
6632.651,20.481,12.934,7.868,12000,17.220,7907
6643.077,20.481,12.934,7.857,12000,17.220,7907
6653.055,20.481,12.934,7.857,12000,17.220,7910
6661.143,20.481,12.934,7.857,12000,17.220,7910
6669.116,20.481,12.934,7.857,12000,17.220,7910
6677.752,20.481,12.934,7.857,12000,17.220,7910
6686.865,20.481,12.934,7.868,12000,17.220,7910
6698.721,20.481,12.934,7.868,12000,17.209,7910
6707.700,20.481,12.934,7.868,12000,17.209,7910
6716.897,20.486,12.934,7.868,12000,17.209,7910
6729.569,20.486,12.934,7.868,12000,17.209,7910
6738.764,20.486,12.934,7.868,12000,17.220,7911
6748.573,20.486,12.934,7.879,12000,17.220,7911
6757.647,20.486,12.934,7.857,12000,17.220,7911
6770.291,20.486,12.934,7.857,12000,17.220,7911
6782.645,20.486,12.934,7.857,12000,17.220,7911
6791.849,20.486,12.934,7.857,12000,17.220,7911
6802.729,20.486,12.934,7.857,12000,17.220,7911
6812.527,20.486,12.934,7.857,12000,17.220,7911
6821.615,20.486,12.934,7.857,12000,17.220,7911
6831.777,20.486,12.934,7.868,12000,17.220,7906
6844.667,20.486,12.934,7.868,12000,17.220,7906
6853.351,20.486,12.945,7.857,12000,17.220,7906
6862.689,20.486,12.945,7.857,12000,17.209,7906
6871.670,20.486,12.945,7.868,12000,17.220,7906
6881.865,20.486,12.923,7.868,12000,17.209,7906
6890.631,20.486,12.923,7.868,12000,17.220,7906
6899.599,20.486,12.923,7.857,12000,17.220,7906
6908.695,20.486,12.934,7.857,12000,17.220,7906
6917.738,20.481,12.934,7.857,12000,17.220,7901
6929.639,20.481,12.934,7.857,12000,17.220,7901
6939.573,20.481,12.934,7.857,12000,17.220,7901
6947.683,20.481,12.934,7.857,12000,17.220,7901
6957.630,20.481,12.934,7.857,12000,17.220,7901
6966.910,20.481,12.934,7.857,12000,17.220,7901
6978.929,20.481,12.934,7.857,12000,17.220,7901
6986.594,20.481,12.934,7.857,12000,17.220,7901
6994.029,20.481,12.934,7.868,12000,17.220,7901
7002.657,20.481,12.934,7.857,12000,17.220,7901
7011.417,20.481,12.934,7.857,12000,17.220,7901
7022.645,20.481,12.934,7.857,12000,17.209,7901
7033.759,20.481,12.934,7.857,12000,17.220,7901
7044.021,20.481,12.934,7.857,12000,17.220,7901
7054.503,20.481,12.934,7.868,12000,17.220,7901
7064.592,20.481,12.934,7.868,12000,17.220,7901
7074.688,20.481,12.934,7.868,12000,17.220,7901
7089.663,20.481,12.934,7.868,12000,17.220,7901
7102.490,20.481,12.934,7.868,12000,17.220,7903
7109.712,20.481,12.934,7.868,12000,17.220,7903
7119.035,20.481,12.934,7.868,12000,17.220,7903
7128.232,20.481,12.934,7.868,12000,17.220,7903
7135.978,20.481,12.934,7.868,12000,17.220,7903
7146.645,20.481,12.934,7.868,12000,17.220,7903
7155.688,20.481,12.934,7.868,12000,17.220,7903
7169.307,20.481,12.934,7.868,12000,17.220,7903
7179.864,20.481,12.934,7.868,12000,17.220,7903
7198.613,20.481,12.934,7.868,12000,17.220,7907
7206.954,20.481,12.934,7.868,12000,17.220,7907
7216.859,20.481,12.934,7.868,12000,17.220,7907
7225.645,20.481,12.934,7.857,12000,17.220,7907
7236.078,20.481,12.934,7.857,12000,17.220,7907
7244.673,20.481,12.945,7.857,12000,17.220,7907
7252.441,20.481,12.934,7.857,12000,17.220,7907
7262.744,20.481,12.934,7.857,12000,17.220,7907
7274.647,20.481,12.934,7.868,12000,17.220,7908
7289.648,20.481,12.934,7.868,12000,17.220,7908
7298.703,20.481,12.934,7.857,12000,17.220,7908
7307.627,20.481,12.934,7.857,12000,17.220,7908
7330.676,20.481,12.945,7.868,12000,17.220,7908
7344.299,20.481,12.934,7.868,12000,17.220,7908
7357.601,20.481,12.934,7.868,12000,17.220,7908
7365.693,20.481,12.934,7.868,12000,17.220,7910
7374.762,20.481,12.934,7.868,12000,17.220,7910
7386.115,20.481,12.934,7.868,12000,17.220,7910
7395.623,20.481,12.945,7.868,12000,17.220,7910
7404.826,20.481,12.934,7.868,12000,17.220,7910
7415.744,20.481,12.934,7.868,12000,17.209,7910
7423.695,20.481,12.934,7.868,12000,17.209,7910
7433.743,20.481,12.934,7.868,12000,17.220,7910
7444.373,20.481,12.934,7.868,12000,17.220,7910
7455.925,20.481,12.934,7.868,12000,17.209,7912
7465.767,20.481,12.934,7.868,12000,17.209,7912
7474.685,20.481,12.934,7.868,12000,17.209,7912
7482.666,20.486,12.934,7.868,12000,17.209,7912
7493.741,20.486,12.934,7.857,12000,17.209,7912
7502.750,20.486,12.934,7.857,12000,17.220,7912
7511.027,20.486,12.934,7.857,12000,17.220,7912
7519.720,20.486,12.934,7.857,12000,17.220,7912
7535.394,20.486,12.934,7.857,12000,17.220,7912
7544.972,20.486,12.934,7.857,12000,17.209,7912
7553.768,20.486,12.934,7.857,12000,17.209,7912
7564.607,20.486,12.934,7.857,12000,17.209,7912
7574.717,20.486,12.934,7.868,12000,17.209,7912
7588.892,20.481,12.934,7.868,12000,17.209,7912
7604.484,20.481,12.934,7.868,12000,17.209,7912
7612.586,20.481,12.934,7.857,12000,17.220,7912
7621.764,20.481,12.923,7.857,12000,17.220,7912
7629.606,20.481,12.923,7.857,12000,17.220,7912
7637.645,20.481,12.923,7.857,12000,17.220,7907
7647.617,20.481,12.923,7.857,12000,17.220,7907
7658.842,20.481,12.923,7.857,12000,17.220,7907
7667.024,20.481,12.934,7.857,12000,17.220,7907
7677.298,20.481,12.934,7.857,12000,17.220,7907
7686.146,20.481,12.934,7.857,12000,17.220,7907
7697.748,20.481,12.923,7.857,12000,17.220,7907
7708.724,20.481,12.923,7.868,12000,17.220,7907
7721.254,20.481,12.934,7.868,12000,17.220,7907
7730.649,20.481,12.934,7.868,12000,17.220,7903
7740.657,20.481,12.934,7.857,12000,17.220,7903
7752.940,20.481,12.934,7.857,12000,17.209,7903
7764.053,20.481,12.934,7.868,12000,17.220,7903
7775.780,20.481,12.923,7.868,12000,17.220,7903
7785.672,20.477,12.923,7.868,12000,17.209,7903
7793.886,20.477,12.923,7.868,12000,17.209,7903
7802.265,20.477,12.923,7.868,12000,17.209,7903
7811.180,20.477,12.923,7.857,12000,17.220,7903
7821.793,20.472,12.934,7.857,12000,17.220,7905
7831.817,20.472,12.934,7.868,12000,17.220,7905
7844.822,20.472,12.923,7.868,12000,17.220,7905
7862.731,20.472,12.923,7.868,12000,17.220,7905
7871.875,20.472,12.923,7.868,12000,17.220,7905
7880.719,20.472,12.923,7.868,12000,17.220,7905
7890.747,20.472,12.923,7.868,12000,17.209,7905
7900.723,20.472,12.923,7.868,12000,17.209,7905
7908.667,20.472,12.923,7.868,12000,17.209,7909
7919.288,20.477,12.923,7.868,12000,17.209,7909
7929.213,20.477,12.923,7.868,12000,17.209,7909
7936.645,20.477,12.923,7.857,12000,17.209,7909
7945.418,20.477,12.923,7.857,12000,17.209,7909
7953.802,20.477,12.923,7.868,12000,17.209,7909
7965.638,20.477,12.923,7.857,12000,17.209,7909
7973.744,20.477,12.923,7.857,12000,17.209,7909
7986.618,20.481,12.923,7.868,12000,17.209,7909
7995.699,20.481,12.923,7.868,12000,17.209,7912
8007.685,20.481,12.923,7.868,12000,17.209,7912
8015.940,20.481,12.923,7.868,12000,17.209,7912
8027.348,20.481,12.923,7.868,12000,17.209,7912
8038.641,20.481,12.923,7.857,12000,17.209,7912
8048.635,20.481,12.934,7.857,12000,17.209,7912
8062.231,20.481,12.934,7.868,12000,17.209,7912
8071.076,20.481,12.934,7.868,12000,17.209,7912
8083.695,20.481,12.934,7.868,12000,17.209,7915
8107.753,20.481,12.923,7.868,12000,17.209,7915
8118.530,20.481,12.934,7.857,12000,17.209,7915
8126.503,20.481,12.934,7.868,12000,17.209,7915
8136.602,20.481,12.934,7.868,12000,17.209,7915
8145.288,20.481,12.934,7.868,12000,17.209,7915
8156.645,20.481,12.934,7.868,12000,17.209,7915
8170.071,20.481,12.934,7.868,12000,17.209,7915
8181.721,20.481,12.934,7.868,12000,17.198,7918
8192.218,20.477,12.934,7.868,12000,17.198,7918
8200.729,20.477,12.934,7.868,12000,17.198,7918
8211.137,20.477,12.934,7.868,12000,17.198,7918
8221.970,20.477,12.934,7.868,12000,17.198,7918
8232.691,20.477,12.934,7.868,12000,17.209,7918
8243.581,20.477,12.923,7.868,12000,17.209,7918
8258.787,20.477,12.923,7.857,12000,17.198,7918
8269.169,20.477,12.934,7.868,12000,17.198,7913
8281.661,20.477,12.934,7.868,12000,17.198,7913
8289.735,20.481,12.923,7.868,12000,17.198,7913
8298.682,20.481,12.923,7.868,12000,17.198,7913
8307.731,20.481,12.923,7.857,12000,17.209,7913
8317.787,20.481,12.934,7.857,12000,17.209,7913
8332.670,20.481,12.934,7.857,12000,17.209,7913
8345.226,20.481,12.934,7.868,12000,17.198,7913
8354.742,20.481,12.934,7.857,12000,17.198,7907
8366.271,20.481,12.923,7.857,12000,17.198,7907
8379.661,20.481,12.923,7.857,12000,17.209,7907
8388.638,20.481,12.923,7.857,12000,17.198,7907
8396.766,20.481,12.923,7.857,12000,17.209,7907
8406.680,20.481,12.923,7.857,12000,17.209,7907
8414.877,20.481,12.923,7.857,12000,17.209,7907
8425.874,20.481,12.923,7.857,12000,17.209,7907
8436.856,20.481,12.923,7.857,12000,17.198,7907
8449.661,20.481,12.923,7.868,12000,17.209,7907
8460.449,20.481,12.923,7.868,12000,17.209,7907
8468.715,20.481,12.923,7.868,12000,17.198,7907
8476.435,20.481,12.923,7.857,12000,17.209,7907
8483.646,20.481,12.934,7.857,12000,17.209,7907
8490.633,20.481,12.934,7.868,12000,17.198,7907
8498.628,20.481,12.934,7.868,12000,17.209,7907
8506.699,20.481,12.923,7.857,12000,17.209,7907
8514.688,20.481,12.923,7.857,12000,17.198,7907
8522.752,20.481,12.923,7.857,12000,17.198,7907
8535.111,20.481,12.923,7.857,12000,17.198,7908
8544.657,20.481,12.923,7.868,12000,17.198,7908
8555.704,20.481,12.934,7.857,12000,17.198,7908
8568.603,20.481,12.934,7.857,12000,17.198,7908
8575.714,20.481,12.934,7.857,12000,17.198,7908
8583.958,20.477,12.923,7.857,12000,17.198,7908
8595.272,20.477,12.923,7.857,12000,17.198,7908
8603.598,20.477,12.923,7.868,12000,17.198,7908
8612.628,20.477,12.923,7.868,12000,17.198,7908
8622.637,20.477,12.923,7.857,12000,17.198,7911
8630.685,20.477,12.923,7.857,12000,17.209,7911
8638.718,20.477,12.923,7.857,12000,17.209,7911
8648.636,20.477,12.923,7.868,12000,17.209,7911
8656.693,20.477,12.923,7.868,12000,17.209,7911
8665.771,20.477,12.923,7.879,12000,17.209,7911
8675.897,20.477,12.923,7.868,12000,17.198,7911
8686.713,20.481,12.923,7.868,12000,17.198,7911
8696.689,20.481,12.923,7.868,12000,17.198,7911
8704.857,20.481,12.934,7.868,12000,17.198,7911
8714.639,20.481,12.934,7.868,12000,17.209,7913
8727.468,20.481,12.934,7.868,12000,17.209,7913
8735.948,20.481,12.934,7.868,12000,17.198,7913
8746.707,20.481,12.934,7.868,12000,17.198,7913
8763.281,20.481,12.934,7.868,12000,17.198,7913
8772.745,20.481,12.923,7.868,12000,17.198,7913
8782.719,20.481,12.934,7.868,12000,17.198,7913
8791.981,20.481,12.934,7.868,12000,17.198,7913
8799.757,20.481,12.934,7.868,12000,17.209,7913
8808.729,20.481,12.923,7.868,12000,17.209,7915
8817.034,20.481,12.923,7.868,12000,17.198,7915
8824.804,20.481,12.923,7.868,12000,17.198,7915
8833.798,20.481,12.923,7.868,12000,17.198,7915
8843.750,20.481,12.923,7.868,12000,17.198,7915
8857.590,20.481,12.923,7.868,12000,17.209,7915
8878.729,20.481,12.934,7.857,12000,17.209,7915
8885.896,20.481,12.923,7.857,12000,17.198,7915
8893.999,20.481,12.923,7.857,12000,17.198,7916
8902.206,20.481,12.923,7.857,12000,17.198,7916
8911.457,20.481,12.923,7.857,12000,17.198,7916
8919.586,20.481,12.923,7.857,12000,17.198,7916
8929.694,20.481,12.934,7.857,12000,17.209,7916
8937.787,20.481,12.934,7.868,12000,17.209,7916
8950.735,20.481,12.934,7.857,12000,17.198,7916
8963.313,20.481,12.923,7.868,12000,17.198,7916
8971.835,20.481,12.923,7.868,12000,17.198,7916
8982.857,20.481,12.923,7.868,12000,17.198,7916
8994.753,20.481,12.923,7.868,12000,17.198,7916
9002.193,20.481,12.923,7.868,12000,17.209,7916
9011.625,20.481,12.923,7.879,12000,17.198,7916
9020.217,20.481,12.923,7.868,12000,17.198,7916
9028.642,20.481,12.923,7.868,12000,17.209,7916
9039.934,20.481,12.923,7.857,12000,17.209,7916
9049.773,20.481,12.923,7.857,12000,17.209,7916
9059.009,20.481,12.923,7.868,12000,17.209,7916
9069.116,20.481,12.923,7.868,12000,17.209,7916
9078.275,20.481,12.934,7.868,12000,17.209,7910
9089.732,20.481,12.934,7.868,12000,17.209,7910
9098.676,20.481,12.934,7.868,12000,17.209,7910
9113.834,20.481,12.923,7.868,12000,17.198,7910
9124.675,20.486,12.934,7.868,12000,17.209,7910
9135.190,20.486,12.934,7.868,12000,17.209,7910
9144.700,20.486,12.934,7.857,12000,17.198,7910
9154.800,20.486,12.934,7.857,12000,17.198,7910
9165.715,20.486,12.934,7.868,12000,17.198,7907
9173.786,20.486,12.934,7.868,12000,17.198,7907
9185.738,20.486,12.923,7.868,12000,17.198,7907
9195.004,20.486,12.923,7.868,12000,17.198,7907
9205.774,20.486,12.923,7.868,12000,17.198,7907
9213.760,20.486,12.923,7.857,12000,17.198,7907
9224.675,20.476,12.934,7.857,12000,17.198,7907
9232.734,20.476,12.934,7.868,12000,17.198,7907
9244.758,20.476,12.934,7.868,12000,17.198,7907
9254.833,20.476,12.923,7.868,12000,17.198,7909
9262.769,20.476,12.923,7.857,12000,17.198,7909
9285.109,20.476,12.923,7.857,12000,17.198,7909
9296.855,20.476,12.934,7.857,12000,17.198,7909
9307.710,20.476,12.923,7.868,12000,17.198,7909
9315.747,20.481,12.923,7.868,12000,17.198,7909
9332.229,20.481,12.934,7.868,12000,17.198,7909
9345.716,20.481,12.934,7.868,12000,17.198,7911
9355.776,20.481,12.923,7.857,12000,17.198,7911
9366.963,20.481,12.934,7.857,12000,17.198,7911
9374.679,20.481,12.934,7.868,12000,17.198,7911
9392.047,20.481,12.934,7.857,12000,17.198,7911
9400.777,20.481,12.923,7.868,12000,17.198,7911
9411.072,20.481,12.923,7.868,12000,17.198,7911
9418.834,20.481,12.923,7.868,12000,17.198,7911
9429.730,20.481,12.923,7.868,12000,17.198,7911
9437.938,20.481,12.923,7.868,12000,17.198,7913
9447.791,20.481,12.923,7.868,12000,17.198,7913
9456.732,20.481,12.923,7.868,12000,17.198,7913
9464.771,20.481,12.923,7.868,12000,17.198,7913
9475.871,20.481,12.923,7.868,12000,17.198,7913
9485.609,20.481,12.923,7.868,12000,17.198,7913
9496.821,20.481,12.923,7.879,12000,17.198,7913
9506.696,20.481,12.923,7.857,12000,17.198,7913
9515.787,20.481,12.923,7.857,12000,17.198,7913
9526.997,20.481,12.923,7.868,12000,17.198,7915
9538.766,20.481,12.923,7.868,12000,17.198,7915
9547.805,20.481,12.923,7.868,12000,17.198,7915
9555.780,20.481,12.923,7.868,12000,17.198,7915
9565.692,20.481,12.923,7.868,12000,17.198,7915
9577.896,20.481,12.923,7.868,12000,17.198,7915
9586.845,20.481,12.923,7.868,12000,17.198,7915
9597.735,20.481,12.923,7.868,12000,17.198,7915
9607.282,20.481,12.923,7.868,12000,17.198,7915
9617.845,20.481,12.923,7.868,12000,17.198,7917
9627.244,20.481,12.923,7.868,12000,17.198,7917
9636.008,20.481,12.923,7.868,12000,17.198,7917
9648.680,20.481,12.934,7.879,12000,17.198,7917
9656.783,20.481,12.923,7.868,12000,17.198,7917
9664.688,20.481,12.923,7.868,12000,17.198,7917
9675.799,20.481,12.923,7.868,12000,17.198,7917
9689.681,20.481,12.923,7.868,12000,17.198,7917
9697.788,20.481,12.923,7.879,12000,17.198,7917
9707.853,20.481,12.923,7.857,12000,17.198,7913
9719.256,20.481,12.934,7.857,12000,17.198,7913
9729.743,20.481,12.923,7.857,12000,17.198,7913
9741.826,20.481,12.923,7.857,12000,17.198,7913
9749.769,20.481,12.923,7.857,12000,17.198,7913
9761.351,20.481,12.923,7.857,12000,17.198,7913
9770.703,20.481,12.923,7.868,12000,17.198,7913
9780.810,20.481,12.923,7.857,12000,17.198,7913
9791.954,20.481,12.923,7.857,12000,17.198,7908
9803.884,20.481,12.923,7.857,12000,17.198,7908
9813.698,20.481,12.923,7.857,12000,17.198,7908
9822.859,20.481,12.934,7.857,12000,17.198,7908
9831.767,20.481,12.934,7.857,12000,17.198,7908
9839.827,20.481,12.934,7.857,12000,17.198,7908
9847.674,20.481,12.923,7.857,12000,17.198,7908
9854.768,20.481,12.923,7.857,12000,17.198,7908
9862.654,20.481,12.923,7.857,12000,17.198,7908
9869.977,20.481,12.923,7.857,12000,17.198,7908
9876.707,20.481,12.923,7.857,12000,17.198,7908
9883.667,20.481,12.923,7.857,12000,17.198,7905
9890.642,20.481,12.923,7.868,12000,17.198,7905
9901.355,20.481,12.923,7.857,12000,17.198,7905
9908.670,20.481,12.923,7.857,12000,17.198,7905
9915.681,20.481,12.923,7.868,12000,17.198,7905
9922.685,20.481,12.923,7.868,12000,17.198,7905
9929.706,20.481,12.923,7.868,12000,17.198,7905
9937.719,20.481,12.923,7.868,12000,17.198,7905
9944.776,20.481,12.923,7.868,12000,17.198,7905
9953.137,20.481,12.923,7.868,12000,17.198,7905
9962.742,20.481,12.923,7.868,12000,17.198,7905
9971.656,20.481,12.934,7.868,12000,17.198,7902
9979.674,20.481,12.934,7.868,12000,17.198,7902
9987.631,20.481,12.934,7.868,12000,17.198,7902
9995.643,20.481,12.934,7.857,12000,17.198,7902
10004.784,20.481,12.923,7.857,12000,17.198,7902
10013.719,20.481,12.923,7.868,4000,17.198,7902
10022.712,20.481,12.923,7.868,16000,17.198,7902
10030.766,20.481,12.923,7.868,16000,17.198,7902
10039.770,20.481,12.923,7.703,16000,17.187,7902
10048.773,20.481,12.923,7.670,16000,17.198,7902
10057.714,20.481,12.923,7.670,16000,17.132,7902
10065.789,20.481,12.593,9.165,16000,16.912,7906
10074.736,20.481,12.462,9.176,16000,16.912,7906
10082.781,20.481,12.462,9.473,16000,16.637,7906
10096.724,20.481,12.418,10.330,16000,16.110,7906
10104.603,20.481,12.418,10.330,16000,15.879,7906
10115.624,20.481,12.429,9.956,16000,15.604,7906
10124.765,20.476,12.571,9.956,16000,15.341,7906
10133.730,20.476,12.571,9.956,16000,15.044,7906
10143.979,20.476,12.593,9.890,16000,14.747,7906
10155.810,20.476,12.593,9.890,16000,14.495,8156
10166.790,20.476,12.648,10.033,16000,14.286,8156
10174.786,20.476,12.648,10.033,16000,14.143,8156
10185.996,20.476,12.670,10.033,16000,14.077,8156
10194.411,20.476,12.758,10.011,16000,14.066,8156
10203.801,20.476,12.758,10.011,16000,14.066,8156
10212.855,20.476,12.846,10.011,16000,14.121,8156
10223.793,20.476,12.846,10.099,16000,14.209,8156
10232.742,20.476,12.846,10.154,16000,14.297,8156
10242.692,20.476,12.879,10.154,16000,14.429,9024
10252.670,20.476,12.879,10.154,16000,14.626,9024
10260.918,20.476,12.879,9.978,16000,14.791,9024
10270.032,20.476,12.879,9.978,16000,14.945,9024
10281.633,20.476,12.879,9.901,16000,15.055,9024
10289.850,20.476,12.868,9.791,16000,15.165,9024
10300.753,20.476,12.868,9.791,16000,15.253,9024
10311.734,20.476,12.868,9.736,16000,15.253,9024
10323.981,20.476,12.868,9.736,16000,15.253,9024
10336.021,20.476,12.857,9.736,16000,15.242,6298
10350.846,20.476,12.846,9.725,16000,15.132,6298
10362.564,20.476,12.846,9.846,16000,15.077,6298
10371.763,20.476,12.835,9.868,16000,15.011,6298
10382.771,20.476,12.835,9.868,16000,14.956,6298
10391.845,20.476,12.846,9.868,16000,14.912,6298
10406.792,20.476,12.846,9.868,16000,14.890,6298
10413.855,20.476,12.868,9.857,16000,14.846,6298
10422.802,20.476,12.868,9.857,16000,14.846,6949
10431.843,20.476,12.868,9.879,16000,14.846,6949
10447.784,20.476,12.857,9.879,16000,14.846,6949
10462.874,20.476,12.868,9.890,16000,14.846,6949
10469.768,20.476,12.868,9.890,16000,14.857,6949
10478.012,20.476,12.868,9.901,16000,14.857,6949
10486.797,20.472,12.857,9.901,16000,14.868,6949
10493.773,20.472,12.868,9.901,16000,14.879,6949
10500.820,20.472,12.857,9.901,16000,14.879,6949
10510.998,20.472,12.857,9.890,16000,14.879,7907
10519.652,20.467,12.857,9.890,16000,14.879,7907
10530.119,20.467,12.857,9.901,16000,14.868,7907
10540.785,20.467,12.857,9.879,16000,14.868,7907
10553.281,20.467,12.857,9.879,16000,14.868,7907
10564.698,20.467,12.868,9.879,16000,14.868,7907
10579.733,20.467,12.868,9.879,16000,14.868,7907
10588.756,20.476,12.857,9.879,16000,14.868,7907
10603.037,20.476,12.857,9.879,16000,14.868,7449
10612.688,20.476,12.868,9.868,16000,14.868,7449
10624.720,20.476,12.857,9.868,16000,14.868,7449
10632.737,20.476,12.868,9.868,16000,14.868,7449
10644.026,20.476,12.868,9.868,16000,14.879,7449
10652.756,20.476,12.868,9.868,16000,14.868,7449
10665.852,20.476,12.857,9.868,16000,14.868,7449
10673.775,20.476,12.857,9.868,16000,14.868,7449
10687.178,20.472,12.868,9.857,16000,14.868,7449
10695.755,20.472,12.857,9.857,16000,14.868,7541
10703.871,20.472,12.857,9.846,16000,14.868,7541
10713.834,20.472,12.857,9.846,16000,14.868,7541
10730.399,20.472,12.857,9.846,16000,14.879,7541
10738.925,20.472,12.857,9.846,16000,14.868,7541
10751.979,20.472,12.857,9.846,16000,14.879,7541
10762.861,20.472,12.857,9.835,16000,14.868,7541
10773.522,20.472,12.857,9.835,16000,14.879,7541
10786.032,20.472,12.868,9.835,16000,14.879,7565
10796.824,20.472,12.868,9.835,16000,14.868,7565
10804.776,20.472,12.868,9.824,16000,14.868,7565
10813.755,20.472,12.857,9.824,16000,14.868,7565
10821.746,20.476,12.857,9.824,16000,14.868,7565
10832.896,20.476,12.857,9.824,16000,14.868,7565
10852.409,20.476,12.857,9.824,16000,14.868,7565
10863.739,20.476,12.857,9.824,16000,14.868,7565
10871.954,20.476,12.857,9.824,16000,14.868,7564
10883.913,20.476,12.857,9.813,16000,14.868,7564
10897.896,20.476,12.857,9.813,16000,14.868,7564
10906.396,20.476,12.857,9.813,16000,14.868,7564
10918.940,20.476,12.857,9.813,16000,14.868,7564
10927.215,20.476,12.857,9.835,16000,14.868,7564
10943.698,20.476,12.857,9.835,16000,14.868,7564
10954.859,20.476,12.857,9.846,16000,14.857,7564
10969.867,20.476,12.857,9.846,16000,14.868,7566
10979.947,20.476,12.857,9.846,16000,14.868,7566
10988.842,20.472,12.857,9.846,16000,14.857,7566
10999.825,20.472,12.868,9.846,16000,14.857,7566
11008.945,20.472,12.857,9.846,16000,14.857,7566
11019.066,20.472,12.857,9.846,16000,14.857,7566
11028.173,20.472,12.857,9.835,16000,14.857,7566
11035.792,20.472,12.857,9.835,16000,14.857,7566
11044.612,20.472,12.857,9.835,16000,14.857,7566
11056.811,20.472,12.857,9.835,16000,14.857,7587
11065.839,20.472,12.857,9.835,16000,14.857,7587
11073.832,20.472,12.857,9.835,16000,14.857,7587
11087.030,20.476,12.857,9.835,16000,14.857,7587
11107.820,20.476,12.857,9.835,16000,14.857,7587
11124.739,20.476,12.857,9.846,16000,14.857,7587
11133.865,20.476,12.857,9.846,16000,14.857,7587
11142.376,20.476,12.857,9.846,16000,14.857,7646
11152.909,20.476,12.868,9.846,16000,14.857,7646
11161.303,20.476,12.868,9.846,16000,14.857,7646
11172.897,20.476,12.868,9.835,16000,14.857,7646
11181.843,20.476,12.857,9.835,16000,14.857,7646
11190.775,20.476,12.857,9.846,16000,14.857,7646
11199.554,20.476,12.857,9.846,16000,14.857,7646
11208.728,20.476,12.857,9.846,16000,14.857,7646
11216.905,20.472,12.857,9.846,16000,14.857,7646
11224.817,20.472,12.868,9.846,16000,14.857,7646
11231.914,20.472,12.857,9.846,16000,14.857,7673
11240.778,20.472,12.857,9.857,16000,14.857,7673
11248.886,20.472,12.857,9.857,16000,14.857,7673
11261.260,20.472,12.857,9.857,16000,14.857,7673
11268.786,20.472,12.868,9.857,16000,14.857,7673
11285.838,20.472,12.868,9.857,16000,14.857,7673
11293.646,20.472,12.857,9.846,16000,14.857,7673
11301.851,20.472,12.857,9.846,16000,14.857,7673
11310.885,20.472,12.857,9.846,16000,14.857,7673
11319.854,20.476,12.857,9.846,16000,14.857,7699
11330.011,20.476,12.857,9.846,16000,14.857,7699
11337.917,20.476,12.857,9.846,16000,14.857,7699
11348.458,20.476,12.868,9.846,16000,14.857,7699
11356.853,20.476,12.868,9.846,16000,14.857,7699
11365.022,20.476,12.868,9.846,16000,14.857,7699
11373.356,20.476,12.868,9.846,16000,14.857,7699
11382.058,20.476,12.868,9.846,16000,14.857,7699
11389.902,20.476,12.868,9.846,16000,14.857,7699
11399.098,20.476,12.868,9.846,16000,14.857,7699
11411.873,20.476,12.857,9.846,16000,14.857,7727
11425.346,20.472,12.868,9.846,16000,14.857,7727
11434.807,20.472,12.857,9.846,16000,14.857,7727
11442.846,20.472,12.857,9.846,16000,14.846,7727
11450.654,20.472,12.857,9.846,16000,14.846,7727
11461.853,20.472,12.857,9.846,16000,14.846,7727
11472.160,20.472,12.868,9.846,16000,14.857,7727
11480.310,20.472,12.857,9.846,16000,14.846,7727
11487.979,20.472,12.857,9.835,16000,14.846,7727
11496.006,20.472,12.857,9.835,16000,14.846,7738
11503.840,20.472,12.846,9.835,16000,14.846,7738
11510.888,20.472,12.846,9.846,16000,14.846,7738
11517.818,20.472,12.846,9.846,16000,14.857,7738
11525.937,20.472,12.857,9.846,16000,14.857,7738
11536.834,20.472,12.857,9.846,16000,14.846,7738
11543.857,20.472,12.868,9.846,16000,14.846,7738
11551.964,20.472,12.857,9.846,16000,14.846,7738
11559.829,20.472,12.857,9.846,16000,14.846,7738
11568.931,20.472,12.857,9.846,16000,14.846,7738
11577.738,20.472,12.857,9.846,16000,14.846,7738
11590.257,20.472,12.857,9.835,16000,14.846,7750
11601.787,20.472,12.857,9.835,16000,14.846,7750
11609.658,20.472,12.857,9.835,16000,14.846,7750
11617.968,20.472,12.857,9.835,16000,14.846,7750
11626.922,20.472,12.857,9.835,16000,14.835,7750
11636.825,20.472,12.857,9.846,16000,14.835,7750
11649.676,20.472,12.846,9.846,16000,14.835,7750
11658.857,20.472,12.846,9.846,16000,14.835,7750
11676.853,20.472,12.846,9.846,16000,14.835,7762
11686.896,20.472,12.857,9.835,16000,14.835,7762
11696.021,20.472,12.857,9.835,16000,14.835,7762
11705.085,20.472,12.857,9.835,16000,14.835,7762
11717.879,20.472,12.857,9.835,16000,14.835,7762
11725.875,20.472,12.846,9.835,16000,14.835,7762
11736.819,20.472,12.846,9.846,16000,14.835,7762
11744.835,20.472,12.846,9.846,16000,14.835,7762
11752.674,20.472,12.857,9.846,16000,14.835,7762
11760.932,20.472,12.857,9.846,16000,14.835,7762
11769.854,20.472,12.857,9.846,16000,14.835,7761
11778.870,20.472,12.846,9.857,16000,14.835,7761
11788.281,20.472,12.846,9.857,16000,14.835,7761
11797.898,20.472,12.846,9.857,16000,14.835,7761
11806.886,20.472,12.846,9.857,16000,14.835,7761
11815.674,20.476,12.857,9.857,16000,14.835,7761
11823.385,20.476,12.846,9.857,16000,14.857,7761
11832.319,20.476,12.846,9.846,16000,14.846,7761
11840.769,20.476,12.846,9.846,16000,14.846,7761
11851.927,20.476,12.846,9.846,16000,14.846,7761
11861.944,20.476,12.846,9.846,16000,14.846,7761
11873.633,20.476,12.846,9.846,16000,14.846,7761
11883.870,20.476,12.846,9.846,16000,14.846,7761
11893.927,20.476,12.857,9.846,16000,14.846,7761
11904.631,20.476,12.846,9.846,16000,14.846,7761
11915.856,20.476,12.846,9.846,16000,14.846,7761
11925.904,20.476,12.857,9.846,16000,14.846,7761
11939.997,20.476,12.857,9.846,16000,14.846,7761
11948.569,20.476,12.857,9.846,16000,14.846,7766
11956.822,20.476,12.857,9.846,16000,14.846,7766
11965.747,20.476,12.857,9.846,16000,14.846,7766
11976.843,20.476,12.857,9.846,16000,14.846,7766
11984.833,20.476,12.857,9.846,16000,14.846,7766
11992.916,20.476,12.857,9.846,16000,14.846,7766
12005.084,20.476,12.857,9.846,16000,14.846,7766
12015.032,20.472,12.857,9.846,16000,14.846,7766
12024.000,20.472,12.857,9.846,16000,14.846,7766
12033.952,20.472,12.857,9.846,16000,14.846,7766
12044.931,20.472,12.857,9.846,16000,14.846,7772
12056.530,20.472,12.857,9.835,16000,14.846,7772
12065.818,20.472,12.857,9.835,16000,14.846,7772
12076.159,20.472,12.857,9.846,16000,14.846,7772
12092.824,20.472,12.868,9.846,16000,14.846,7772
12105.095,20.472,12.846,9.846,16000,14.846,7772
12119.910,20.476,12.857,9.846,16000,14.846,7772
12127.843,20.476,12.857,9.857,16000,14.846,7777
12135.719,20.476,12.857,9.857,16000,14.846,7777
12143.875,20.476,12.857,9.857,16000,14.846,7777
12152.742,20.476,12.857,9.846,16000,14.835,7777
12161.867,20.476,12.857,9.846,16000,14.835,7777
12169.836,20.476,12.857,9.846,16000,14.835,7777
12183.901,20.472,12.857,9.857,16000,14.835,7777
12197.500,20.472,12.857,9.857,16000,14.835,7777
12205.029,20.472,12.857,9.846,16000,14.835,7777
12219.101,20.472,12.857,9.846,16000,14.835,7777
12234.747,20.472,12.857,9.846,16000,14.835,7781
12244.890,20.472,12.868,9.846,16000,14.846,7781
12256.515,20.472,12.857,9.857,16000,14.835,7781
12266.854,20.472,12.857,9.857,16000,14.835,7781
12277.991,20.472,12.857,9.846,16000,14.835,7781
12292.871,20.472,12.868,9.846,16000,14.835,7781
12304.899,20.472,12.846,9.846,16000,14.835,7783
12315.377,20.472,12.857,9.857,16000,14.835,7783
12326.901,20.467,12.846,9.857,16000,14.835,7783
12335.848,20.467,12.846,9.857,16000,14.835,7783
12351.720,20.467,12.857,9.846,16000,14.835,7783
12361.848,20.467,12.857,9.846,16000,14.835,7783
12373.309,20.467,12.846,9.857,16000,14.824,7783
12382.052,20.476,12.846,9.857,16000,14.835,7783
12393.111,20.476,12.857,9.857,16000,14.835,7783
12402.957,20.476,12.857,9.846,16000,14.846,7784
12417.879,20.476,12.857,9.846,16000,14.824,7784
12426.859,20.481,12.857,9.835,16000,14.824,7784
12448.463,20.481,12.857,9.835,16000,14.835,7784
12461.824,20.481,12.857,9.835,16000,14.824,7784
12469.845,20.481,12.857,9.846,16000,14.824,7784
12477.819,20.481,12.857,9.846,16000,14.824,7784
12484.787,20.476,12.857,9.846,16000,14.824,7785
12492.812,20.476,12.857,9.857,16000,14.824,7785
12499.813,20.476,12.857,9.857,16000,14.824,7785
12507.909,20.476,12.857,9.857,16000,14.824,7785
12516.833,20.476,12.846,9.857,16000,14.824,7785
12526.774,20.476,12.846,9.857,16000,14.824,7785
12536.923,20.476,12.857,9.857,16000,14.824,7785
12544.895,20.476,12.857,9.857,16000,14.824,7785
12556.290,20.476,12.868,9.857,16000,14.824,7785
12565.822,20.476,12.857,9.857,16000,14.824,7785
12575.211,20.476,12.857,9.846,16000,14.824,7783
12582.866,20.472,12.857,9.846,16000,14.824,7783
12589.907,20.472,12.857,9.857,16000,14.824,7783
12597.596,20.472,12.857,9.857,16000,14.824,7783
12606.768,20.472,12.857,9.857,16000,14.824,7783
12615.798,20.472,12.857,9.857,16000,14.824,7783
12626.944,20.472,12.857,9.857,16000,14.824,7783
12635.830,20.472,12.857,9.857,16000,14.824,7783
12644.213,20.472,12.857,9.846,16000,14.824,7783
12655.018,20.472,12.857,9.846,16000,14.824,7783
12664.848,20.472,12.846,9.846,16000,14.824,7785
12675.097,20.472,12.846,9.846,16000,14.824,7785
12694.045,20.472,12.846,9.846,16000,14.824,7785
12704.990,20.472,12.857,9.857,16000,14.813,7785
12720.011,20.472,12.846,9.835,16000,14.824,7785
12729.791,20.472,12.846,9.835,16000,14.824,7785
12740.914,20.472,12.846,9.846,16000,14.813,7785
12749.745,20.472,12.846,9.846,16000,14.813,7785
12758.845,20.472,12.846,9.846,16000,14.813,7786
12766.700,20.472,12.846,9.846,16000,14.813,7786
12776.817,20.472,12.846,9.846,16000,14.813,7786
12785.900,20.476,12.857,9.835,16000,14.813,7786
12794.915,20.476,12.846,9.835,16000,14.813,7786
12803.948,20.476,12.846,9.835,16000,14.813,7786
12816.185,20.476,12.846,9.835,16000,14.813,7786
12826.948,20.476,12.846,9.835,16000,14.813,7786
12836.881,20.476,12.846,9.846,16000,14.813,7786
12849.202,20.476,12.846,9.846,16000,14.813,7788
12868.848,20.476,12.846,9.857,16000,14.813,7788
12878.866,20.476,12.846,9.857,16000,14.813,7788
12891.295,20.476,12.846,9.857,16000,14.813,7788
12899.850,20.476,12.846,9.857,16000,14.813,7788
12909.892,20.476,12.857,9.857,16000,14.813,7788
12919.317,20.472,12.846,9.857,16000,14.813,7788
12928.938,20.472,12.846,9.857,16000,14.813,7788
12938.013,20.472,12.846,9.846,16000,14.813,7789
12949.863,20.472,12.846,9.846,16000,14.813,7789
12959.882,20.472,12.846,9.846,16000,14.813,7789
12975.389,20.472,12.846,9.846,16000,14.824,7789
12984.923,20.472,12.857,9.846,16000,14.813,7789
12993.844,20.472,12.846,9.846,16000,14.813,7789
13001.902,20.472,12.846,9.846,16000,14.813,7789
13011.946,20.472,12.857,9.846,16000,14.813,7789
13022.866,20.476,12.857,9.846,16000,14.813,7789
13033.885,20.476,12.857,9.846,16000,14.802,7787
13043.896,20.476,12.846,9.835,16000,14.813,7787
13052.862,20.476,12.857,9.835,16000,14.802,7787
13072.978,20.476,12.846,9.846,16000,14.802,7787
13082.635,20.476,12.857,9.846,16000,14.802,7787
13094.906,20.476,12.857,9.857,16000,14.802,7787
13106.350,20.476,12.857,9.846,16000,14.802,7787
13115.479,20.472,12.846,9.846,16000,14.802,7786
13135.827,20.472,12.846,9.868,16000,14.802,7786
13143.790,20.472,12.846,9.868,16000,14.802,7786
13151.489,20.472,12.846,9.868,16000,14.802,7786
13158.900,20.472,12.846,9.857,16000,14.802,7786
13168.867,20.472,12.846,9.857,16000,14.802,7786
13176.901,20.472,12.857,9.857,16000,14.802,7786
13184.323,20.472,12.846,9.857,16000,14.802,7786
13194.913,20.472,12.846,9.857,16000,14.802,7786
13202.460,20.472,12.846,9.857,16000,14.802,7786
13210.725,20.472,12.846,9.857,16000,14.802,7787
13222.945,20.476,12.846,9.857,16000,14.802,7787
13232.875,20.476,12.846,9.846,16000,14.802,7787
13240.924,20.476,12.846,9.846,16000,14.802,7787
13250.214,20.476,12.857,9.846,16000,14.802,7787
13260.740,20.476,12.846,9.846,16000,14.802,7787
13268.764,20.476,12.846,9.846,16000,14.802,7787
13277.365,20.476,12.846,9.857,16000,14.802,7787
13286.147,20.476,12.846,9.857,16000,14.802,7787
13296.725,20.476,12.846,9.857,16000,14.802,7786
13305.061,20.476,12.846,9.857,16000,14.802,7786
13313.846,20.476,12.846,9.857,16000,14.802,7786
13327.106,20.476,12.846,9.857,16000,14.791,7786
13336.652,20.476,12.846,9.846,16000,14.802,7786
13346.847,20.476,12.846,9.846,16000,14.791,7786
13357.011,20.476,12.846,9.857,16000,14.791,7786
13373.850,20.476,12.857,9.857,16000,14.802,7786
13385.511,20.476,12.846,9.857,16000,14.802,7783
13394.663,20.476,12.846,9.857,16000,14.791,7783
13402.205,20.476,12.846,9.857,16000,14.791,7783
13411.029,20.476,12.846,9.857,16000,14.791,7783
13419.422,20.472,12.846,9.857,16000,14.791,7783
13427.953,20.472,12.846,9.857,16000,14.791,7783
13439.002,20.472,12.846,9.857,16000,14.791,7783
13448.048,20.472,12.857,9.857,16000,14.791,7783
13461.204,20.472,12.846,9.846,16000,14.791,7783
13479.924,20.472,12.846,9.846,16000,14.791,7781
13487.982,20.472,12.846,9.846,16000,14.791,7781
13499.840,20.472,12.846,9.846,16000,14.791,7781
13509.162,20.472,12.846,9.846,16000,14.791,7781
13518.965,20.472,12.857,9.846,16000,14.791,7781
13527.840,20.472,12.857,9.835,16000,14.791,7781
13539.958,20.472,12.846,9.835,16000,14.791,7781
13547.900,20.472,12.846,9.835,16000,14.791,7781
13556.869,20.472,12.846,9.835,16000,14.791,7781
13569.017,20.472,12.846,9.846,16000,14.791,7783
13579.995,20.472,12.846,9.846,16000,14.791,7783
13592.357,20.472,12.846,9.846,16000,14.791,7783
13602.111,20.472,12.846,9.846,16000,14.791,7783
13613.034,20.472,12.846,9.846,16000,14.791,7783
13621.872,20.476,12.846,9.846,16000,14.791,7783
13629.854,20.476,12.846,9.846,16000,14.791,7783
13637.914,20.476,12.846,9.846,16000,14.791,7783
13648.905,20.476,12.846,9.857,16000,14.791,7783
13657.970,20.476,12.846,9.857,16000,14.791,7781
13666.994,20.476,12.846,9.846,16000,14.791,7781
13675.243,20.476,12.846,9.835,16000,14.791,7781
13685.555,20.476,12.846,9.835,16000,14.780,7781
13696.200,20.476,12.846,9.846,16000,14.780,7781
13704.937,20.476,12.835,9.846,16000,14.780,7781
13715.927,20.476,12.835,9.846,16000,14.791,7781
13734.054,20.472,12.846,9.846,16000,14.791,7781
13746.915,20.472,12.846,9.846,16000,14.780,7777
13757.890,20.472,12.846,9.846,16000,14.780,7777
13772.369,20.472,12.846,9.835,16000,14.780,7777
13782.979,20.472,12.846,9.835,16000,14.780,7777
13792.232,20.472,12.846,9.846,16000,14.780,7777
13801.972,20.472,12.846,9.846,16000,14.780,7777
13811.656,20.472,12.846,9.846,16000,14.780,7777
13818.976,20.476,12.846,9.846,16000,14.780,7777
13829.896,20.476,12.846,9.846,16000,14.780,7777
13839.593,20.476,12.846,9.846,16000,14.780,7778
13849.550,20.476,12.835,9.835,16000,14.780,7778
13860.438,20.476,12.835,9.835,16000,14.780,7778
13869.548,20.476,12.835,9.846,16000,14.780,7778
13877.768,20.476,12.835,9.846,16000,14.780,7778
13888.896,20.476,12.835,9.846,16000,14.791,7778
13897.901,20.476,12.846,9.846,16000,14.791,7778
13905.882,20.476,12.846,9.846,16000,14.780,7778
13915.940,20.476,12.846,9.846,16000,14.780,7778
13925.317,20.472,12.835,9.846,16000,14.780,7778
13939.962,20.472,12.835,9.857,16000,14.780,7778
13953.890,20.472,12.835,9.857,16000,14.780,7778
13963.938,20.472,12.835,9.857,16000,14.780,7778
13972.912,20.472,12.846,9.846,16000,14.780,7778
13991.900,20.467,12.846,9.846,16000,14.780,7778
13998.965,20.467,12.846,9.846,16000,14.780,7778
14011.210,20.467,12.846,9.846,16000,14.780,7778
14022.007,20.472,12.846,9.857,16000,14.780,7779
14031.880,20.472,12.846,9.857,16000,14.780,7779
14044.438,20.472,12.846,9.846,16000,14.780,7779
14053.961,20.472,12.846,9.846,16000,14.780,7779
14060.939,20.472,12.846,9.846,16000,14.780,7779
14068.888,20.472,12.846,9.846,16000,14.780,7779
14080.058,20.472,12.846,9.846,16000,14.780,7779
14088.895,20.476,12.846,9.857,16000,14.780,7779
14099.001,20.476,12.846,9.857,16000,14.780,7779
14111.914,20.476,12.846,9.857,16000,14.769,7779
14122.907,20.472,12.857,9.857,16000,14.780,7779
14131.903,20.472,12.857,9.846,16000,14.780,7779
14140.335,20.472,12.846,9.846,16000,14.780,7779
14147.874,20.472,12.835,9.846,16000,14.769,7779
14157.885,20.472,12.835,9.846,16000,14.769,7779
14166.088,20.472,12.835,9.857,16000,14.769,7779
14178.922,20.472,12.835,9.857,16000,14.769,7779
14188.206,20.467,12.835,9.868,16000,14.780,7779
14198.007,20.467,12.846,9.857,16000,14.769,7780
14206.910,20.467,12.846,9.846,16000,14.769,7780
14215.011,20.472,12.846,9.846,16000,14.769,7780
14230.940,20.472,12.835,9.857,16000,14.769,7780
14246.059,20.472,12.835,9.868,16000,14.769,7780
14255.148,20.472,12.846,9.868,16000,14.769,7780
14264.111,20.472,12.846,9.846,16000,14.769,7780
14275.333,20.472,12.846,9.846,16000,14.769,7780
14286.146,20.481,12.846,9.846,16000,14.769,7782
14294.637,20.481,12.846,9.846,16000,14.769,7782
14303.481,20.481,12.846,9.857,16000,14.769,7782
14312.974,20.481,12.846,9.857,16000,14.769,7782
14323.915,20.476,12.846,9.857,16000,14.769,7782
14333.136,20.476,12.846,9.846,16000,14.769,7782
14342.019,20.476,12.846,9.846,16000,14.769,7782
14352.153,20.476,12.846,9.846,16000,14.769,7782
14363.167,20.476,12.846,9.846,16000,14.769,7782
14373.104,20.476,12.846,9.846,16000,14.769,7781
14393.782,20.467,12.846,9.857,16000,14.769,7781
14402.041,20.467,12.835,9.857,16000,14.769,7781
14410.604,20.467,12.846,9.846,16000,14.769,7781
14418.853,20.477,12.846,9.846,16000,14.769,7781
14427.804,20.477,12.846,9.846,16000,14.769,7781
14436.506,20.477,12.846,9.846,16000,14.769,7781
14454.055,20.477,12.835,9.846,16000,14.769,7781
14464.900,20.477,12.835,9.846,16000,14.769,7777
14471.883,20.477,12.835,9.846,16000,14.769,7777
14480.977,20.477,12.835,9.846,16000,14.769,7777
14490.006,20.481,12.846,9.846,16000,14.769,7777
14502.026,20.481,12.835,9.846,16000,14.769,7777
14510.578,20.481,12.835,9.846,16000,14.769,7777
14519.508,20.472,12.846,9.846,16000,14.769,7777
14528.909,20.472,12.846,9.857,16000,14.769,7777
14538.251,20.472,12.846,9.857,16000,14.758,7777
14547.971,20.472,12.835,9.857,16000,14.758,7777
14557.917,20.472,12.835,9.846,16000,14.758,7774
14568.399,20.472,12.846,9.846,16000,14.758,7774
14576.615,20.472,12.846,9.846,16000,14.758,7774
14583.964,20.472,12.846,9.846,16000,14.758,7774
14591.907,20.472,12.835,9.846,16000,14.758,7774
14598.923,20.472,12.835,9.846,16000,14.758,7774
14605.955,20.472,12.835,9.846,16000,14.758,7774
14613.909,20.472,12.846,9.846,16000,14.758,7774
14621.042,20.481,12.846,9.846,16000,14.758,7774
14629.933,20.481,12.846,9.846,16000,14.758,7774
14638.986,20.481,12.846,9.835,16000,14.758,7774
14648.021,20.481,12.846,9.835,16000,14.758,7775
14656.988,20.481,12.846,9.835,16000,14.769,7775
14665.941,20.481,12.846,9.835,16000,14.769,7775
14673.945,20.481,12.846,9.835,16000,14.758,7775
14685.312,20.481,12.846,9.835,16000,14.758,7775
14694.354,20.481,12.846,9.835,16000,14.758,7775
14704.872,20.481,12.846,9.846,16000,14.769,7775
14713.886,20.481,12.846,9.846,16000,14.758,7775
14724.070,20.476,12.846,9.846,16000,14.769,7775
14736.758,20.476,12.857,9.846,16000,14.758,7774
14747.884,20.476,12.846,9.846,16000,14.758,7774
14760.192,20.476,12.846,9.846,16000,14.758,7774
14770.332,20.476,12.846,9.846,16000,14.758,7774
14780.918,20.476,12.846,9.846,16000,14.758,7774
14789.933,20.476,12.846,9.846,16000,14.758,7774
14799.074,20.476,12.846,9.846,16000,14.758,7774
14807.961,20.476,12.857,9.846,16000,14.758,7774
14815.895,20.476,12.846,9.846,16000,14.758,7774
14825.247,20.476,12.846,9.846,16000,14.758,7773
14833.011,20.476,12.846,9.846,16000,14.758,7773
14848.147,20.476,12.846,9.846,16000,14.758,7773
14859.093,20.476,12.846,9.846,16000,14.758,7773
14868.309,20.476,12.846,9.846,16000,14.758,7773
14876.374,20.476,12.846,9.846,16000,14.758,7773
14884.526,20.476,12.846,9.846,16000,14.758,7773
14891.924,20.476,12.835,9.846,16000,14.758,7773
14898.786,20.476,12.835,9.846,16000,14.758,7773
14907.881,20.476,12.846,9.846,16000,14.758,7773
14915.890,20.476,12.846,9.846,16000,14.758,7774
14923.801,20.476,12.846,9.846,16000,14.758,7774
14931.900,20.476,12.846,9.846,16000,14.758,7774
14939.932,20.476,12.846,9.835,16000,14.758,7774
14946.975,20.476,12.846,9.835,16000,14.758,7774
14956.885,20.476,12.835,9.835,16000,14.758,7774
14965.934,20.476,12.835,9.835,16000,14.758,7774
14973.849,20.476,12.835,9.846,16000,14.747,7774
14981.926,20.476,12.835,9.846,16000,14.758,7774
14991.989,20.476,12.846,9.846,16000,14.758,7774
15002.543,20.476,12.846,9.846,16000,14.758,7774
15011.843,20.476,12.846,9.846,4000,14.747,7774
15022.877,20.476,12.846,9.835,12000,14.747,7774
15030.840,20.476,12.846,9.835,12000,14.747,7774
15039.971,20.476,12.846,9.835,12000,14.747,7774
15047.835,20.476,12.846,9.209,12000,14.769,7774
15055.925,20.476,12.846,9.209,12000,14.912,7774
15063.925,20.476,12.846,8.407,12000,15.055,7774
15071.973,20.476,12.846,8.077,12000,15.242,7774
15094.380,20.481,12.835,7.418,12000,15.758,7742
15105.941,20.481,12.835,7.418,12000,16.088,7742
15115.850,20.481,12.857,7.418,12000,16.407,7742
15124.914,20.486,12.857,7.396,12000,16.725,7742
15132.844,20.486,12.835,7.396,12000,17.022,7742
15142.939,20.486,12.835,7.615,12000,17.253,7742
15150.085,20.486,12.835,7.615,12000,17.374,7742
15158.949,20.486,12.846,7.615,12000,17.473,7742
15169.045,20.486,12.846,7.593,12000,17.516,7742
15177.968,20.486,12.846,7.593,12000,17.505,7742
15188.128,20.481,12.835,7.516,12000,17.451,6786
15196.720,20.481,12.835,7.462,12000,17.341,6786
15206.021,20.481,12.835,7.462,12000,17.231,6786
15214.802,20.481,12.780,7.604,12000,17.011,6786
15223.541,20.486,12.780,7.604,12000,16.835,6786
15231.421,20.486,12.758,7.604,12000,16.681,6786
15240.167,20.486,12.758,7.604,12000,16.571,6786
15250.270,20.486,12.758,7.758,12000,16.571,6786
15261.038,20.486,12.813,7.758,12000,16.473,6786
15273.796,20.486,12.813,7.758,12000,16.462,7153
15283.969,20.481,12.824,7.758,12000,16.462,7153
15292.977,20.481,12.835,7.824,12000,16.462,7153
15307.117,20.481,12.835,7.824,12000,16.604,7153
15316.958,20.477,12.835,7.956,12000,16.637,7153
15328.891,20.477,12.835,7.956,12000,16.714,7153
15338.148,20.477,12.824,7.989,12000,16.780,7153
15348.343,20.477,12.824,7.989,12000,16.824,7153
15369.013,20.477,12.824,7.813,12000,16.846,8618
15380.080,20.477,12.835,7.813,12000,16.857,8618
15393.140,20.481,12.835,7.714,12000,16.846,8618
15404.922,20.481,12.835,7.714,12000,16.824,8618
15415.081,20.481,12.835,7.703,12000,16.813,8618
15424.017,20.481,12.835,7.703,12000,16.813,8618
15433.896,20.481,12.824,7.703,12000,16.813,8618
15442.951,20.481,12.813,7.780,12000,16.813,8618
15452.102,20.481,12.813,7.769,12000,16.813,6772
15461.973,20.481,12.835,7.835,12000,16.813,6772
15469.995,20.481,12.835,7.835,12000,16.813,6772
15479.188,20.481,12.835,7.835,12000,16.824,6772
15490.349,20.481,12.835,7.846,12000,16.835,6772
15500.824,20.481,12.824,7.846,12000,16.835,6772
15514.984,20.481,12.824,7.846,12000,16.824,6772
15523.176,20.481,12.824,7.846,12000,16.813,6772
15531.858,20.481,12.824,7.846,12000,16.813,6772
15542.923,20.481,12.824,7.846,12000,16.813,7546
15551.077,20.481,12.835,7.846,12000,16.813,7546
15561.028,20.481,12.835,7.846,12000,16.813,7546
15570.041,20.481,12.835,7.846,12000,16.813,7546
15581.236,20.481,12.813,7.846,12000,16.813,7546
15591.097,20.481,12.813,7.846,12000,16.813,7546
15600.946,20.481,12.813,7.846,12000,16.813,7546
15610.942,20.481,12.824,7.846,12000,16.813,7546
15620.061,20.481,12.835,7.846,12000,16.813,7546
15630.033,20.481,12.824,7.857,12000,16.813,7492
15642.117,20.481,12.824,7.846,12000,16.813,7492
15653.879,20.481,12.835,7.857,12000,16.813,7492
15665.123,20.481,12.835,7.857,12000,16.813,7492
15674.133,20.481,12.835,7.857,12000,16.813,7492
15685.038,20.481,12.824,7.857,12000,16.813,7492
15696.222,20.481,12.824,7.857,12000,16.813,7492
15706.521,20.481,12.824,7.868,12000,16.813,7492
15717.054,20.481,12.824,7.868,12000,16.813,7492
15727.968,20.481,12.835,7.868,12000,16.813,7538
15737.224,20.481,12.835,7.868,12000,16.813,7538
15745.989,20.481,12.835,7.879,12000,16.813,7538
15758.871,20.481,12.835,7.879,12000,16.813,7538
15771.115,20.481,12.835,7.868,12000,16.813,7538
15780.071,20.481,12.824,7.879,12000,16.813,7538
15789.707,20.481,12.824,7.879,12000,16.813,7538
15801.000,20.481,12.824,7.879,12000,16.813,7538
15809.952,20.481,12.824,7.890,12000,16.813,7525
15817.963,20.486,12.824,7.879,12000,16.813,7525
15827.029,20.486,12.824,7.890,12000,16.813,7525
15836.041,20.486,12.824,7.879,12000,16.813,7525
15846.124,20.486,12.824,7.879,12000,16.813,7525
15856.974,20.486,12.824,7.879,12000,16.813,7525
15866.547,20.486,12.824,7.890,12000,16.813,7525
15876.069,20.486,12.824,7.890,12000,16.813,7525
15884.958,20.486,12.824,7.879,12000,16.813,7525
15894.043,20.486,12.824,7.890,12000,16.813,7525
15902.938,20.486,12.824,7.879,12000,16.813,7533
15915.419,20.486,12.824,7.890,12000,16.813,7533
15923.639,20.476,12.824,7.890,12000,16.813,7533
15932.245,20.476,12.824,7.890,12000,16.813,7533
15939.963,20.476,12.835,7.890,12000,16.813,7533
15948.281,20.476,12.835,7.890,12000,16.813,7533
15957.308,20.476,12.824,7.890,12000,16.813,7533
15965.066,20.476,12.824,7.890,12000,16.813,7533
15977.091,20.476,12.835,7.901,12000,16.813,7533
15985.960,20.472,12.835,7.901,12000,16.813,7533
15996.247,20.472,12.824,7.901,12000,16.813,7546
16006.210,20.472,12.824,7.901,12000,16.813,7546
16020.355,20.477,12.824,7.901,12000,16.813,7546
16031.361,20.477,12.824,7.901,12000,16.813,7546
16041.139,20.477,12.824,7.901,12000,16.813,7546
16049.974,20.477,12.835,7.901,12000,16.813,7546
16060.048,20.477,12.835,7.901,12000,16.813,7546
16068.969,20.477,12.835,7.901,12000,16.813,7546
16079.228,20.477,12.835,7.890,12000,16.813,7556
16093.869,20.481,12.835,7.890,12000,16.813,7556
16103.253,20.481,12.835,7.879,12000,16.813,7556
16114.757,20.481,12.835,7.879,12000,16.813,7556
16125.898,20.481,12.835,7.857,12000,16.813,7556
16152.966,20.481,12.835,7.868,12000,16.813,7556
16159.942,20.481,12.824,7.868,12000,16.813,7556
16166.938,20.481,12.824,7.868,12000,16.813,7551
16173.956,20.481,12.824,7.868,12000,16.813,7551
16180.930,20.481,12.824,7.868,12000,16.813,7551
16187.806,20.481,12.824,7.868,12000,16.813,7551
16196.054,20.481,12.824,7.868,12000,16.813,7551
16204.022,20.481,12.824,7.868,12000,16.813,7551
16215.728,20.481,12.824,7.868,12000,16.813,7551
16225.929,20.481,12.824,7.868,12000,16.813,7551
16235.077,20.481,12.824,7.868,12000,16.813,7551
16244.844,20.481,12.824,7.868,12000,16.813,7551
16254.133,20.481,12.824,7.868,12000,16.813,7551
16265.194,20.481,12.824,7.879,12000,16.813,7484
16277.028,20.481,12.835,7.868,12000,16.813,7484
16284.855,20.486,12.835,7.868,12000,16.813,7484
16295.543,20.486,12.835,7.879,12000,16.813,7484
16307.869,20.486,12.824,7.868,12000,16.813,7484
16317.035,20.481,12.824,7.879,12000,16.813,7484
16326.955,20.481,12.824,7.868,12000,16.813,7484
16335.971,20.481,12.824,7.868,12000,16.813,7484
16344.021,20.481,12.835,7.868,12000,16.813,7484
16354.020,20.481,12.835,7.857,12000,16.813,7439
16364.454,20.481,12.835,7.857,12000,16.813,7439
16372.703,20.481,12.824,7.868,12000,16.813,7439
16381.012,20.476,12.824,7.868,12000,16.813,7439
16393.090,20.476,12.824,7.868,12000,16.813,7439
16402.877,20.476,12.824,7.868,12000,16.813,7439
16410.896,20.476,12.824,7.868,12000,16.813,7439
16419.875,20.481,12.824,7.857,12000,16.813,7439
16428.086,20.481,12.824,7.857,12000,16.824,7439
16440.430,20.481,12.824,7.857,12000,16.824,7435
16456.064,20.481,12.824,7.857,12000,16.824,7435
16465.041,20.481,12.824,7.868,12000,16.824,7435
16475.014,20.481,12.824,7.857,12000,16.824,7435
16482.895,20.486,12.824,7.857,12000,16.824,7435
16492.979,20.486,12.835,7.857,12000,16.824,7435
16501.883,20.486,12.824,7.857,12000,16.824,7435
16509.000,20.486,12.824,7.868,12000,16.824,7435
16516.867,20.486,12.824,7.868,12000,16.824,7435
16526.016,20.486,12.824,7.868,12000,16.824,7404
16534.070,20.486,12.824,7.868,12000,16.824,7404
16544.998,20.486,12.824,7.868,12000,16.824,7404
16554.225,20.486,12.824,7.868,12000,16.824,7404
16563.018,20.486,12.835,7.868,12000,16.824,7404
16569.852,20.486,12.824,7.868,12000,16.824,7404
16581.639,20.486,12.824,7.868,12000,16.824,7404
16589.039,20.481,12.824,7.868,12000,16.824,7404
16597.703,20.481,12.824,7.868,12000,16.824,7404
16604.996,20.481,12.824,7.868,12000,16.824,7404
16621.268,20.476,12.824,7.868,12000,16.824,7382
16631.412,20.476,12.824,7.879,12000,16.824,7382
16639.695,20.476,12.824,7.868,12000,16.824,7382
16649.172,20.476,12.824,7.868,12000,16.824,7382
16658.996,20.476,12.824,7.879,12000,16.824,7382
16667.992,20.476,12.824,7.868,12000,16.824,7382
16675.854,20.476,12.824,7.868,12000,16.824,7382
16684.828,20.486,12.824,7.868,12000,16.824,7382
16694.857,20.486,12.824,7.879,12000,16.824,7382
16704.498,20.486,12.824,7.879,12000,16.824,7382
16713.521,20.486,12.835,7.868,12000,16.824,7386
16726.996,20.494,12.824,7.868,12000,16.824,7386
16735.162,20.494,12.824,7.857,12000,16.824,7386
16751.596,20.494,12.824,7.857,12000,16.813,7386
16760.891,20.494,12.824,7.857,12000,16.824,7386
16773.588,20.494,12.824,7.857,12000,16.824,7386
16782.898,20.486,12.824,7.868,12000,16.824,7386
16790.855,20.486,12.824,7.857,12000,16.813,7386
16798.104,20.486,12.824,7.857,12000,16.813,7384
16806.980,20.486,12.824,7.857,12000,16.824,7384
16814.506,20.476,12.824,7.857,12000,16.824,7384
16824.609,20.476,12.824,7.857,12000,16.824,7384
16832.906,20.476,12.835,7.868,12000,16.813,7384
16842.117,20.476,12.824,7.857,12000,16.813,7384
16851.842,20.476,12.824,7.857,12000,16.813,7384
16860.885,20.476,12.824,7.857,12000,16.813,7384
16870.105,20.476,12.824,7.857,12000,16.813,7384
16877.955,20.476,12.824,7.857,12000,16.813,7384
16890.004,20.481,12.824,7.857,12000,16.813,7361
16900.871,20.481,12.824,7.857,12000,16.813,7361
16910.104,20.481,12.824,7.868,12000,16.813,7361
16923.086,20.486,12.824,7.868,12000,16.813,7361
16930.025,20.486,12.824,7.868,12000,16.813,7361
16939.764,20.486,12.824,7.868,12000,16.813,7361
16947.971,20.486,12.824,7.879,12000,16.813,7361
16956.553,20.486,12.824,7.868,12000,16.813,7361
16965.355,20.486,12.824,7.868,12000,16.813,7361
16974.045,20.486,12.824,7.879,12000,16.813,7361
16981.338,20.481,12.824,7.879,12000,16.813,7343
16990.039,20.481,12.824,7.868,12000,16.813,7343
17000.072,20.481,12.824,7.868,12000,16.813,7343
17009.984,20.481,12.824,7.868,12000,16.813,7343
17024.885,20.486,12.824,7.868,12000,16.813,7343
17044.047,20.486,12.824,7.868,12000,16.813,7343
17053.057,20.486,12.824,7.868,12000,16.824,7343
17064.971,20.486,12.824,7.868,12000,16.824,7343
17074.016,20.486,12.824,7.868,12000,16.824,7345
17084.002,20.486,12.824,7.868,12000,16.824,7345
17093.115,20.486,12.824,7.868,12000,16.824,7345
17109.906,20.486,12.835,7.868,12000,16.824,7345
17123.252,20.481,12.824,7.868,12000,16.824,7345
17131.113,20.481,12.824,7.868,12000,16.824,7345
17142.502,20.481,12.824,7.868,12000,16.824,7345
17154.492,20.481,12.824,7.879,12000,16.824,7345
17164.139,20.481,12.824,7.868,12000,16.824,7348
17173.258,20.481,12.824,7.868,12000,16.824,7348
17181.869,20.481,12.835,7.868,12000,16.824,7348
17190.152,20.481,12.824,7.868,12000,16.824,7348
17201.166,20.481,12.824,7.868,12000,16.824,7348
17211.252,20.481,12.824,7.857,12000,16.824,7348
17223.301,20.481,12.824,7.868,12000,16.824,7348
17232.098,20.481,12.824,7.857,12000,16.824,7348
17248.068,20.481,12.835,7.868,12000,16.824,7342
17256.795,20.481,12.835,7.868,12000,16.824,7342
17264.725,20.481,12.824,7.857,12000,16.824,7342
17274.172,20.481,12.824,7.868,12000,16.824,7342
17286.006,20.486,12.824,7.857,12000,16.824,7342
17299.348,20.486,12.824,7.857,12000,16.824,7342
17307.922,20.486,12.835,7.857,12000,16.824,7342
17318.062,20.490,12.835,7.857,12000,16.824,7342
17329.344,20.490,12.835,7.868,12000,16.824,7342
17337.088,20.490,12.824,7.868,12000,16.824,7326
17346.154,20.490,12.824,7.868,12000,16.824,7326
17354.793,20.490,12.824,7.868,12000,16.824,7326
17363.096,20.490,12.824,7.868,12000,16.824,7326
17371.154,20.490,12.824,7.868,12000,16.824,7326
17380.178,20.490,12.835,7.868,12000,16.824,7326
17392.078,20.486,12.835,7.868,12000,16.824,7326
17399.887,20.486,12.835,7.857,12000,16.824,7326
17410.084,20.486,12.824,7.857,12000,16.824,7326
17423.639,20.481,12.824,7.868,12000,16.824,7326
17432.092,20.481,12.824,7.868,12000,16.824,7314
17440.115,20.481,12.824,7.868,12000,16.824,7314
17450.221,20.481,12.824,7.879,12000,16.824,7314
17456.986,20.481,12.824,7.879,12000,16.824,7314
17465.154,20.481,12.824,7.879,12000,16.824,7314
17473.129,20.481,12.824,7.879,12000,16.824,7314
17482.344,20.481,12.824,7.879,12000,16.824,7314
17490.545,20.481,12.824,7.879,12000,16.824,7314
17498.479,20.481,12.824,7.879,12000,16.824,7314
17507.053,20.481,12.824,7.879,12000,16.824,7314
17514.604,20.486,12.824,7.879,12000,16.824,7311
17526.111,20.486,12.824,7.879,12000,16.824,7311
17537.322,20.486,12.824,7.879,12000,16.824,7311
17554.398,20.486,12.824,7.879,12000,16.824,7311
17562.088,20.486,12.824,7.879,12000,16.824,7311
17573.596,20.486,12.824,7.868,12000,16.824,7311
17581.549,20.486,12.824,7.868,12000,16.824,7311
17590.084,20.486,12.824,7.868,12000,16.824,7311
17598.621,20.486,12.824,7.868,12000,16.824,7311
17612.064,20.486,12.824,7.857,12000,16.824,7315
17626.270,20.481,12.824,7.868,12000,16.813,7315
17636.068,20.481,12.824,7.868,12000,16.813,7315
17649.229,20.481,12.824,7.868,12000,16.813,7315
17666.578,20.481,12.813,7.868,12000,16.813,7315
17675.111,20.481,12.824,7.868,12000,16.813,7315
17684.135,20.481,12.824,7.868,12000,16.813,7315
17695.078,20.481,12.824,7.857,12000,16.813,7319
17705.158,20.481,12.824,7.868,12000,16.813,7319
17713.215,20.481,12.824,7.868,12000,16.813,7319
17728.074,20.486,12.824,7.868,12000,16.813,7319
17737.295,20.486,12.824,7.868,12000,16.813,7319
17746.193,20.486,12.824,7.868,12000,16.813,7319
17756.504,20.486,12.824,7.868,12000,16.813,7319
17765.127,20.486,12.824,7.868,12000,16.813,7319
17773.592,20.486,12.824,7.868,12000,16.813,7319
17781.865,20.486,12.824,7.868,12000,16.813,7319
17794.086,20.486,12.824,7.868,12000,16.813,7318
17808.938,20.486,12.824,7.868,12000,16.813,7318
17819.107,20.481,12.824,7.879,12000,16.813,7318
17827.955,20.481,12.824,7.879,12000,16.813,7318
17837.133,20.481,12.824,7.868,12000,16.813,7318
17846.170,20.481,12.824,7.857,12000,16.813,7318
17857.059,20.481,12.813,7.868,12000,16.813,7318
17870.266,20.481,12.813,7.868,12000,16.813,7318
17881.268,20.472,12.813,7.868,12000,16.813,7312
17892.205,20.472,12.813,7.868,12000,16.813,7312
17901.162,20.472,12.824,7.868,12000,16.824,7312
17913.311,20.472,12.824,7.868,12000,16.813,7312
17935.178,20.472,12.824,7.868,12000,16.813,7312
17946.211,20.472,12.824,7.857,12000,16.824,7312
17954.598,20.472,12.813,7.868,12000,16.824,7312
17965.318,20.472,12.813,7.857,12000,16.824,7303
17974.193,20.472,12.813,7.857,12000,16.824,7303
17985.074,20.472,12.824,7.868,12000,16.824,7303
17994.174,20.472,12.824,7.868,12000,16.813,7303
18003.068,20.472,12.813,7.879,12000,16.824,7303
18011.102,20.472,12.813,7.868,12000,16.824,7303
18021.170,20.476,12.813,7.868,12000,16.824,7303
18029.482,20.476,12.813,7.879,12000,16.813,7303
18039.336,20.476,12.813,7.868,12000,16.824,7303
18052.055,20.476,12.824,7.868,12000,16.824,7303
18069.041,20.476,12.824,7.857,12000,16.824,7299
18078.109,20.476,12.813,7.868,12000,16.813,7299
18093.164,20.481,12.813,7.868,12000,16.813,7299
18102.188,20.481,12.824,7.868,12000,16.813,7299
18117.129,20.481,12.824,7.868,12000,16.824,7299
18134.033,20.477,12.824,7.868,12000,16.824,7299
18152.195,20.477,12.813,7.879,12000,16.824,7295
18175.051,20.477,12.813,7.868,12000,16.824,7295
18183.074,20.481,12.813,7.868,12000,16.824,7295
18191.082,20.481,12.824,7.879,12000,16.824,7295
18199.115,20.481,12.824,7.868,12000,16.813,7295
18208.113,20.481,12.824,7.879,12000,16.813,7295
18215.045,20.476,12.824,7.879,12000,16.813,7295
18224.404,20.476,12.824,7.879,12000,16.813,7295
18234.201,20.476,12.824,7.868,12000,16.813,7292
18244.445,20.476,12.824,7.868,12000,16.813,7292
18258.068,20.476,12.824,7.868,12000,16.813,7292
18267.135,20.476,12.824,7.868,12000,16.813,7292
18276.178,20.476,12.824,7.868,12000,16.813,7292
18286.025,20.476,12.824,7.868,12000,16.813,7292
18295.125,20.476,12.824,7.868,12000,16.813,7292
18303.164,20.476,12.824,7.868,12000,16.813,7292
18311.389,20.476,12.824,7.879,12000,16.813,7292
18325.051,20.486,12.824,7.879,12000,16.813,7291
18332.998,20.486,12.824,7.868,12000,16.813,7291
18342.031,20.486,12.824,7.868,12000,16.813,7291
18349.939,20.486,12.824,7.868,12000,16.813,7291
18360.938,20.486,12.824,7.868,12000,16.813,7291
18368.971,20.486,12.824,7.868,12000,16.813,7291
18378.123,20.486,12.824,7.868,12000,16.813,7291
18387.125,20.378,12.824,7.868,12000,16.813,7291
18395.156,20.378,12.824,7.868,12000,16.813,7291
18404.947,20.378,12.824,7.857,12000,16.824,7291
18413.264,20.378,12.824,7.857,12000,16.824,7290
18421.129,20.374,12.824,7.868,12000,16.824,7290
18430.254,20.374,12.824,7.868,12000,16.813,7290
18444.047,20.374,12.824,7.868,12000,16.813,7290
18453.170,20.374,12.813,7.868,12000,16.813,7290
18464.533,20.374,12.824,7.868,12000,16.813,7290
18479.066,20.374,12.813,7.868,12000,16.813,7290
18489.029,20.481,12.813,7.868,12000,16.813,7290
18498.252,20.481,12.813,7.879,12000,16.813,7290
18505.338,20.481,12.813,7.868,12000,16.813,7289
18513.348,20.481,12.813,7.868,12000,16.824,7289
18527.051,20.481,12.813,7.857,12000,16.824,7289
18535.127,20.481,12.813,7.868,12000,16.824,7289
18545.061,20.481,12.813,7.868,12000,16.824,7289
18561.004,20.481,12.813,7.868,12000,16.813,7289
18583.094,20.481,12.824,7.868,12000,16.824,7289
18591.936,20.481,12.824,7.868,12000,16.824,7290
18602.369,20.481,12.813,7.868,12000,16.813,7290
18611.168,20.481,12.813,7.857,12000,16.813,7290
18623.227,20.481,12.813,7.868,12000,16.824,7290
18631.350,20.481,12.813,7.868,12000,16.824,7290
18640.068,20.481,12.813,7.857,12000,16.813,7290
18651.156,20.481,12.813,7.868,12000,16.813,7290
18661.113,20.481,12.824,7.868,12000,16.813,7290
18671.600,20.481,12.813,7.868,12000,16.813,7290
18681.443,20.481,12.813,7.868,12000,16.813,7290
18690.297,20.481,12.813,7.868,12000,16.813,7288
18701.188,20.481,12.813,7.879,12000,16.813,7288
18711.084,20.481,12.813,7.868,12000,16.813,7288
18722.102,20.481,12.813,7.868,12000,16.813,7288
18731.131,20.481,12.813,7.868,12000,16.813,7288
18740.328,20.481,12.813,7.868,12000,16.813,7288
18750.344,20.481,12.813,7.868,12000,16.813,7288
18760.178,20.481,12.813,7.868,12000,16.813,7288
18770.219,20.481,12.824,7.868,12000,16.813,7288
18782.221,20.481,12.824,7.868,12000,16.813,7287
18791.240,20.481,12.824,7.868,12000,16.813,7287
18808.053,20.481,12.824,7.868,12000,16.813,7287
18819.076,20.481,12.813,7.879,12000,16.813,7287
18836.055,20.481,12.802,7.879,12000,16.824,7287
18845.084,20.481,12.813,7.868,12000,16.813,7287
18856.273,20.481,12.813,7.868,12000,16.813,7287
18866.180,20.481,12.813,7.868,12000,16.813,7289
18875.080,20.481,12.813,7.868,12000,16.813,7289
18883.975,20.477,12.813,7.868,12000,16.813,7289
18893.154,20.477,12.813,7.868,12000,16.824,7289
18902.156,20.477,12.813,7.868,12000,16.824,7289
18911.141,20.477,12.813,7.868,12000,16.824,7289
18921.139,20.477,12.813,7.879,12000,16.824,7289
18930.266,20.477,12.813,7.879,12000,16.824,7289
18940.406,20.477,12.813,7.879,12000,16.824,7289
18949.053,20.477,12.813,7.879,12000,16.813,7289
18956.434,20.477,12.813,7.879,12000,16.813,7293
18965.107,20.477,12.813,7.879,12000,16.824,7293
18973.375,20.477,12.813,7.879,12000,16.824,7293
18982.184,20.481,12.813,7.879,12000,16.824,7293
18999.857,20.481,12.824,7.879,12000,16.824,7293
19015.357,20.481,12.824,7.879,12000,16.824,7293
19024.207,20.481,12.824,7.879,12000,16.824,7293
19032.719,20.481,12.824,7.879,12000,16.824,7293
19042.168,20.481,12.813,7.868,12000,16.824,7293
19052.080,20.481,12.813,7.868,12000,16.824,7293
19062.215,20.481,12.824,7.868,12000,16.824,7293
19073.246,20.481,12.824,7.857,12000,16.824,7293
19090.502,20.481,12.824,7.857,12000,16.813,7293
19102.031,20.481,12.824,7.868,12000,16.813,7293
19111.160,20.481,12.813,7.868,12000,16.824,7293
19120.277,20.481,12.813,7.868,12000,16.824,7293
19133.020,20.481,12.813,7.868,12000,16.824,7291
19143.996,20.481,12.813,7.868,12000,16.824,7291
19156.980,20.481,12.824,7.868,12000,16.824,7291
19176.188,20.481,12.813,7.868,12000,16.824,7291
19185.953,20.481,12.824,7.879,12000,16.824,7291
19193.064,20.481,12.824,7.879,12000,16.824,7291
19200.074,20.481,12.824,7.879,12000,16.824,7291
19207.209,20.481,12.824,7.868,12000,16.824,7291
19217.320,20.486,12.813,7.857,12000,16.824,7291
19225.180,20.486,12.813,7.857,12000,16.824,7289
19231.961,20.486,12.824,7.857,12000,16.824,7289
19239.693,20.486,12.824,7.879,12000,16.824,7289
19247.115,20.486,12.824,7.879,12000,16.824,7289
19255.557,20.486,12.824,7.879,12000,16.813,7289
19264.070,20.486,12.813,7.868,12000,16.824,7289
19272.182,20.486,12.813,7.868,12000,16.824,7289
19280.084,20.486,12.824,7.868,12000,16.824,7289
19290.809,20.486,12.813,7.868,12000,16.824,7289
19298.188,20.486,12.813,7.868,12000,16.824,7289
19306.775,20.486,12.824,7.868,12000,16.813,7289
19317.059,20.486,12.824,7.879,12000,16.813,7287
19327.100,20.486,12.824,7.879,12000,16.813,7287
19345.027,20.486,12.813,7.879,12000,16.813,7287
19355.252,20.486,12.813,7.868,12000,16.813,7287
19364.535,20.486,12.813,7.868,12000,16.813,7287
19373.691,20.486,12.813,7.868,12000,16.813,7287
19386.127,20.486,12.813,7.868,12000,16.813,7287
19396.426,20.486,12.813,7.868,12000,16.824,7287
19409.488,20.486,12.813,7.868,12000,16.813,7286
19418.996,20.481,12.813,7.868,12000,16.824,7286
19428.045,20.481,12.824,7.868,12000,16.824,7286
19440.076,20.481,12.813,7.868,12000,16.824,7286
19452.006,20.481,12.813,7.868,12000,16.824,7286
19461.006,20.481,12.813,7.879,12000,16.824,7286
19471.373,20.481,12.813,7.879,12000,16.824,7286
19481.373,20.481,12.813,7.868,12000,16.824,7286
19490.811,20.481,12.813,7.868,12000,16.824,7288
19501.082,20.481,12.813,7.868,12000,16.824,7288
19509.969,20.481,12.813,7.868,12000,16.813,7288
19518.016,20.476,12.813,7.868,12000,16.813,7288
19527.125,20.476,12.813,7.868,12000,16.824,7288
19538.117,20.476,12.824,7.868,12000,16.824,7288
19550.014,20.476,12.824,7.868,12000,16.813,7288
19558.000,20.476,12.813,7.879,12000,16.813,7288
19565.514,20.476,12.813,7.879,12000,16.813,7288
19576.111,20.476,12.813,7.879,12000,16.813,7288
19583.992,20.476,12.813,7.879,12000,16.813,7290
19594.047,20.476,12.813,7.879,12000,16.824,7290
19609.988,20.476,12.813,7.879,12000,16.824,7290
19619.037,20.481,12.813,7.879,12000,16.824,7290
19627.969,20.481,12.824,7.868,12000,16.824,7290
19636.988,20.481,12.813,7.868,12000,16.824,7290
19648.156,20.481,12.813,7.868,12000,16.824,7290
19656.729,20.481,12.813,7.868,12000,16.824,7290
19667.000,20.481,12.813,7.868,12000,16.824,7290
19675.045,20.481,12.813,7.868,12000,16.824,7290
19685.953,20.481,12.824,7.868,12000,16.824,7290
19695.080,20.481,12.824,7.868,12000,16.824,7290
19704.320,20.481,12.824,7.879,12000,16.824,7290
19715.180,20.481,12.813,7.879,12000,16.824,7290
19725.051,20.481,12.813,7.868,12000,16.824,7290
19734.029,20.481,12.813,7.868,12000,16.824,7290
19743.973,20.481,12.813,7.868,12000,16.824,7290
19754.629,20.481,12.813,7.868,12000,16.824,7290
19763.041,20.481,12.813,7.868,12000,16.824,7291
19774.525,20.481,12.813,7.868,12000,16.824,7291
19784.096,20.481,12.813,7.868,12000,16.813,7291
19793.021,20.481,12.813,7.879,12000,16.813,7291
19802.016,20.481,12.813,7.868,12000,16.824,7291
19810.066,20.481,12.802,7.868,12000,16.824,7291
19820.096,20.476,12.802,7.868,12000,16.824,7291
19830.121,20.476,12.813,7.868,12000,16.824,7291
19840.191,20.476,12.813,7.868,12000,16.824,7291
19855.471,20.476,12.813,7.879,12000,16.824,7291
19863.998,20.476,12.813,7.868,12000,16.824,7291
19871.227,20.476,12.813,7.879,12000,16.824,7291
19878.947,20.476,12.813,7.879,12000,16.824,7291
19885.945,20.476,12.813,7.879,12000,16.824,7291
19894.107,20.476,12.824,7.879,12000,16.824,7291
19902.035,20.476,12.824,7.879,12000,16.824,7291
19909.947,20.476,12.813,7.868,12000,16.824,7291
19916.939,20.486,12.813,7.868,12000,16.824,7291
19924.951,20.486,12.813,7.868,12000,16.824,7291
19932.004,20.486,12.813,7.868,12000,16.824,7291
19938.953,20.486,12.813,7.868,12000,16.824,7291
19946.254,20.486,12.813,7.868,12000,16.824,7291
19954.275,20.486,12.813,7.879,12000,16.824,7291
19962.275,20.486,12.813,7.879,12000,16.824,7291
19972.514,20.486,12.813,7.879,12000,16.824,7291
19980.998,20.481,12.813,7.879,12000,16.824,7291
19988.031,20.481,12.813,7.868,12000,16.824,7291
19998.055,20.481,12.802,7.868,12000,16.824,7291
20006.941,20.481,12.802,7.868,12000,16.824,7291
