T_(ms),Sys_Volts_(V),Comp_P_(mA),Piezo_P_(mA),Piezo_out_(mV),V_dist_(mA),LC_(grams)

14.974,20.481,13.769,7.769,11800,17.306,7871
28.070,20.481,13.769,7.769,12000,17.306,7871
39.840,20.481,13.780,7.769,12000,17.306,7871
50.916,20.481,13.780,7.802,12000,17.306,7871
62.822,20.481,13.758,7.835,12000,17.306,7871
73.434,20.481,13.758,7.923,12000,17.306,7871
81.676,20.481,13.758,7.923,12000,17.306,7871
89.761,20.481,13.791,7.901,12000,17.306,7871
101.985,20.481,13.791,7.901,12000,17.306,7871
112.066,20.481,13.791,7.890,12000,17.306,7876
120.651,20.481,13.780,7.879,12000,17.306,7876
128.947,20.481,13.780,7.879,12000,17.306,7876
138.789,20.481,13.802,7.879,12000,17.306,7876
148.598,20.481,13.802,7.857,12000,17.306,7876
157.725,20.481,13.802,7.857,12000,17.306,7876
167.779,20.481,13.802,7.857,12000,17.306,7876
175.555,20.481,13.802,7.857,12000,17.306,7876
188.049,20.486,13.802,7.868,12000,17.306,7876
197.729,20.486,13.802,7.868,12000,17.306,7914
207.613,20.486,13.802,7.868,12000,17.306,7914
216.532,20.486,13.802,7.868,12000,17.306,7914
225.576,20.486,13.802,7.868,12000,17.306,7914
238.262,20.486,13.802,7.868,12000,17.306,7914
248.494,20.486,13.802,7.857,12000,17.306,7914
259.731,20.490,13.813,7.868,12000,17.306,7914
271.514,20.490,13.813,7.868,12000,17.306,7914
281.473,20.490,13.813,7.868,12000,17.306,7914
297.636,20.486,13.813,7.868,12000,17.306,7817
305.576,20.486,13.813,7.879,12000,17.306,7817
314.645,20.486,13.824,7.868,12000,17.207,7817
324.558,20.486,13.824,7.868,12000,17.198,7817
338.583,20.486,13.824,7.868,12000,17.187,7817
348.517,20.486,13.824,7.868,12000,17.198,7817
356.654,20.481,13.824,7.868,12000,17.198,7817
365.554,20.481,13.824,7.868,12000,17.198,7817
374.983,20.481,13.824,7.868,12000,17.198,7735
396.683,20.481,13.835,7.857,12000,17.187,7735
406.587,20.481,13.835,7.857,12000,17.187,7735
418.292,20.481,13.835,7.868,12000,17.187,7735
436.576,20.481,13.835,7.868,12000,17.187,7735
447.516,20.481,13.835,7.868,12000,17.187,7735
458.722,20.481,13.846,7.868,12000,17.187,7735
470.201,20.481,13.846,7.868,12000,17.187,7765
479.136,20.481,13.846,7.868,12000,17.187,7765
490.291,20.481,13.846,7.868,12000,17.187,7765
499.650,20.481,13.846,7.868,12000,17.187,7765
512.018,20.481,13.846,7.868,12000,17.187,7765
520.354,20.481,13.846,7.868,12000,17.187,7765
529.206,20.481,13.846,7.868,12000,17.198,7765
537.069,20.481,13.846,7.868,12000,17.198,7765
547.562,20.481,13.846,7.868,12000,17.198,7765
555.830,20.481,13.857,7.868,12000,17.198,7796
565.607,20.481,13.857,7.879,12000,17.187,7796
581.536,20.481,13.857,7.879,12000,17.187,7796
592.839,20.476,13.846,7.868,12000,17.187,7796
601.579,20.476,13.868,7.868,12000,17.187,7796
612.205,20.476,13.868,7.868,12000,17.198,7796
623.701,20.476,13.868,7.868,12000,17.198,7796
637.400,20.476,13.868,7.868,12000,17.187,7796
649.550,20.476,13.868,7.868,12000,17.187,7822
658.534,20.476,13.879,7.879,12000,17.187,7822
669.733,20.476,13.879,7.879,12000,17.187,7822
682.768,20.476,13.879,7.879,12000,17.187,7822
695.507,20.481,13.879,7.879,12000,17.187,7822
705.562,20.481,13.879,7.879,12000,17.187,7822
715.895,20.481,13.879,7.868,12000,17.187,7822
725.511,20.481,13.879,7.868,12000,17.187,7822
733.596,20.481,13.879,7.868,12000,17.187,7844
742.820,20.481,13.879,7.868,12000,17.187,7844
751.682,20.481,13.879,7.868,12000,17.187,7844
762.057,20.481,13.879,7.868,12000,17.187,7844
769.656,20.481,13.890,7.868,12000,17.187,7844
779.699,20.481,13.890,7.868,12000,17.187,7844
791.622,20.486,13.890,7.868,12000,17.187,7844
801.673,20.486,13.890,7.868,12000,17.187,7844
813.694,20.486,13.890,7.868,12000,17.187,7844
822.658,20.486,13.890,7.879,12000,17.187,7858
833.513,20.486,13.890,7.868,12000,17.187,7858
844.433,20.486,13.890,7.868,12000,17.187,7858
853.931,20.486,13.890,7.868,12000,17.187,7858
861.628,20.486,13.901,7.868,12000,17.187,7858
870.663,20.486,13.901,7.868,12000,17.187,7858
881.551,20.486,13.901,7.868,12000,17.187,7858
892.689,20.481,13.901,7.868,12000,17.187,7858
903.809,20.481,13.901,7.879,12000,17.187,7858
911.421,20.481,13.901,7.868,12000,17.187,7858
921.613,20.481,13.901,7.868,12000,17.187,7865
930.633,20.481,13.912,7.868,12000,17.187,7865
940.820,20.481,13.912,7.868,12000,17.187,7865
951.690,20.481,13.912,7.879,12000,17.187,7865
961.594,20.481,13.912,7.879,12000,17.187,7865
973.675,20.481,13.923,7.879,12000,17.187,7865
983.604,20.481,13.923,7.879,12000,17.187,7865
997.670,20.481,13.923,7.879,12000,17.187,7865
1005.864,20.481,13.923,7.868,12000,17.176,7869
1015.621,20.481,13.923,7.868,12000,17.176,7869
1029.135,20.481,13.934,7.868,12000,17.187,7869
1045.040,20.481,13.934,7.868,12000,17.187,7869
1053.432,20.481,13.934,7.868,12000,17.187,7869
1061.638,20.481,13.934,7.868,12000,17.187,7869
1069.727,20.481,13.945,7.868,12000,17.176,7869
1079.111,20.481,13.945,7.868,12000,17.176,7869
1095.085,20.481,13.945,7.868,12000,17.176,7871
1111.828,20.481,13.945,7.868,12000,17.176,7871
1119.627,20.481,13.945,7.868,12000,17.176,7871
1127.206,20.481,13.945,7.868,12000,17.176,7871
1136.764,20.481,13.945,7.868,12000,17.176,7871
1143.879,20.481,13.956,7.868,12000,17.176,7871
1154.615,20.481,13.956,7.868,12000,17.176,7871
1161.629,20.481,13.956,7.868,12000,17.176,7871
1169.446,20.481,13.956,7.868,12000,17.176,7871
1177.616,20.481,13.956,7.868,12000,17.176,7871
1186.802,20.481,13.956,7.868,12000,17.176,7871
1197.552,20.481,13.967,7.868,12000,17.176,7871
1205.697,20.481,13.956,7.868,12000,17.176,7871
1216.699,20.481,13.956,7.879,12000,17.176,7871
1228.288,20.481,13.967,7.879,12000,17.176,7871
1235.775,20.481,13.967,7.879,12000,17.176,7871
1244.502,20.481,13.967,7.879,12000,17.176,7871
1252.635,20.481,13.978,7.879,12000,17.176,7871
1259.619,20.481,13.978,7.879,12000,17.176,7871
1269.623,20.481,13.978,7.879,12000,17.176,7871
1279.685,20.481,13.967,7.868,12000,17.176,7872
1289.607,20.481,13.967,7.879,12000,17.176,7872
1298.754,20.481,13.978,7.868,12000,17.176,7872
1311.432,20.481,13.978,7.868,12000,17.176,7872
1323.043,20.481,13.978,7.868,12000,17.176,7872
1334.569,20.481,13.978,7.868,12000,17.176,7872
1344.548,20.481,13.989,7.868,12000,17.176,7872
1352.019,20.481,13.989,7.868,12000,17.176,7872
1359.492,20.481,13.989,7.868,12000,17.176,7872
1366.512,20.481,13.989,7.868,12000,17.176,7874
1374.655,20.481,14.000,7.868,12000,17.176,7874
1383.619,20.481,14.000,7.868,12000,17.176,7874
1391.633,20.481,14.000,7.868,12000,17.176,7874
1399.549,20.481,14.000,7.868,12000,17.176,7874
1408.597,20.481,14.000,7.879,12000,17.176,7874
1416.578,20.481,14.000,7.879,12000,17.176,7874
1425.641,20.481,14.000,7.868,12000,17.176,7874
1433.573,20.481,14.000,7.868,12000,17.176,7874
1445.831,20.481,14.011,7.868,12000,17.176,7874
1454.606,20.477,14.000,7.868,12000,17.176,7877
1463.611,20.477,14.011,7.868,12000,17.176,7877
1472.571,20.477,14.011,7.868,12000,17.176,7877
1482.643,20.477,14.011,7.868,12000,17.176,7877
1491.620,20.477,14.011,7.879,12000,17.176,7877
1500.604,20.477,14.000,7.868,12000,17.176,7877
1511.908,20.477,14.000,7.868,12000,17.176,7877
1520.402,20.477,14.011,7.868,12000,17.176,7877
1528.726,20.477,14.011,7.868,12000,17.176,7877
1537.295,20.477,14.011,7.868,12000,17.176,7877
1547.051,20.477,14.011,7.868,12000,17.176,7878
1555.806,20.481,14.011,7.868,12000,17.165,7878
1564.572,20.481,14.011,7.868,12000,17.165,7878
1575.654,20.481,14.022,7.868,12000,17.176,7878
1587.994,20.486,14.022,7.868,12000,17.176,7878
1602.481,20.486,14.022,7.868,12000,17.165,7878
1612.740,20.486,14.022,7.868,12000,17.165,7878
1623.766,20.486,14.022,7.868,12000,17.165,7878
1634.941,20.486,14.022,7.868,12000,17.165,7878
1643.996,20.486,14.022,7.868,12000,17.165,7878
1652.040,20.486,14.022,7.868,12000,17.165,7878
1659.563,20.486,14.022,7.868,12000,17.165,7878
1666.534,20.486,14.022,7.868,12000,17.165,7878
1674.608,20.486,14.033,7.868,12000,17.165,7878
1685.807,20.481,14.033,7.879,12000,17.165,7878
1694.341,20.481,14.044,7.868,12000,17.165,7878
1703.790,20.481,14.044,7.868,12000,17.165,7878
1711.592,20.481,14.044,7.868,12000,17.165,7878
1720.755,20.481,14.044,7.868,12000,17.165,7878
1729.658,20.481,14.044,7.868,12000,17.165,7877
1736.637,20.481,14.044,7.868,12000,17.165,7877
1745.196,20.481,14.044,7.868,12000,17.165,7877
1753.243,20.481,14.044,7.868,12000,17.165,7877
1761.680,20.481,14.044,7.868,12000,17.165,7877
1769.959,20.481,14.044,7.868,12000,17.165,7877
1778.410,20.481,14.044,7.868,12000,17.165,7877
1789.649,20.481,14.044,7.868,12000,17.165,7877
1799.580,20.481,14.055,7.868,12000,17.165,7877
1808.596,20.481,14.055,7.879,12000,17.165,7877
1820.402,20.481,14.066,7.868,12000,17.165,7875
1831.655,20.481,14.066,7.868,12000,17.165,7875
1843.215,20.481,14.055,7.868,12000,17.165,7875
1856.672,20.486,14.055,7.868,12000,17.165,7875
1866.659,20.486,14.055,7.868,12000,17.165,7875
1876.630,20.486,14.055,7.868,12000,17.165,7875
1884.678,20.486,14.066,7.879,12000,17.165,7875
1893.581,20.486,14.066,7.868,12000,17.165,7875
1901.743,20.486,14.066,7.868,12000,17.165,7877
1909.539,20.486,14.066,7.868,12000,17.165,7877
1917.659,20.486,14.066,7.868,12000,17.165,7877
1925.647,20.486,14.066,7.868,12000,17.165,7877
1940.701,20.486,14.066,7.868,12000,17.165,7877
1954.968,20.481,14.066,7.868,12000,17.165,7877
1966.555,20.481,14.077,7.868,12000,17.165,7877
1979.747,20.481,14.077,7.868,12000,17.165,7877
1989.541,20.481,14.077,7.868,12000,17.165,7877
1999.576,20.481,14.077,7.879,12000,17.165,7877
2007.566,20.481,14.077,7.868,12000,17.165,7877
2015.553,20.481,14.088,7.868,12000,17.165,7877
2024.735,20.481,14.088,7.868,12000,17.165,7877
2032.572,20.481,14.088,7.868,12000,17.165,7877
2044.094,20.481,14.088,7.868,12000,17.165,7877
2053.161,20.481,14.088,7.868,12000,17.165,7877
2060.610,20.481,14.088,7.868,12000,17.165,7877
2067.732,20.481,14.088,7.868,12000,17.165,7877
2075.549,20.481,14.088,7.868,12000,17.165,7877
2083.590,20.476,14.088,7.868,12000,17.165,7878
2091.667,20.476,14.088,7.868,12000,17.154,7878
2099.636,20.476,14.088,7.868,12000,17.154,7878
2111.636,20.476,14.099,7.868,12000,17.154,7878
2118.747,20.476,14.099,7.868,12000,17.154,7878
2126.713,20.476,14.099,7.879,12000,17.154,7878
2135.744,20.476,14.099,7.868,12000,17.154,7878
2144.033,20.476,14.099,7.868,12000,17.165,7878
2152.216,20.481,14.099,7.868,12000,17.165,7878
2159.596,20.481,14.099,7.868,12000,17.165,7878
2167.586,20.481,14.099,7.868,12000,17.165,7878
2179.014,20.481,14.099,7.868,12000,17.165,7878
2186.735,20.486,14.110,7.868,12000,17.165,7878
2196.537,20.486,14.110,7.868,12000,17.165,7878
2205.528,20.486,14.110,7.868,12000,17.165,7878
2214.573,20.486,14.110,7.868,12000,17.165,7878
2223.689,20.486,14.110,7.868,12000,17.165,7878
2232.626,20.486,14.121,7.868,12000,17.154,7878
2243.526,20.486,14.121,7.868,12000,17.154,7878
2253.310,20.477,14.121,7.868,12000,17.154,7878
2261.878,20.477,14.121,7.868,12000,17.154,7879
2269.909,20.477,14.121,7.868,12000,17.154,7879
2279.716,20.477,14.121,7.868,12000,17.154,7879
2286.740,20.477,14.121,7.868,12000,17.154,7879
2295.096,20.477,14.121,7.868,12000,17.154,7879
2303.671,20.477,14.121,7.868,12000,17.154,7879
2311.720,20.477,14.121,7.868,12000,17.154,7879
2319.630,20.477,14.121,7.879,12000,17.154,7879
2328.326,20.477,14.121,7.868,12000,17.154,7879
2336.879,20.477,14.132,7.868,12000,17.154,7879
2345.184,20.477,14.132,7.868,12000,17.154,7879
2353.419,20.477,14.143,7.879,12000,17.154,7879
2365.991,20.477,14.143,7.879,12000,17.154,7879
2381.750,20.477,14.132,7.879,12000,17.154,7879
2398.155,20.477,14.143,7.868,12000,17.154,7879
2407.642,20.477,14.143,7.868,12000,17.154,7879
2416.572,20.477,14.143,7.868,12000,17.154,7879
2425.569,20.477,14.143,7.868,12000,17.154,7879
2437.685,20.477,14.143,7.868,12000,17.154,7879
2446.610,20.477,14.132,7.879,12000,17.154,7877
2454.554,20.477,14.132,7.868,12000,17.154,7877
2461.580,20.477,14.132,7.868,12000,17.154,7877
2469.630,20.477,14.132,7.868,12000,17.154,7877
2476.571,20.477,14.132,7.868,12000,17.154,7877
2486.937,20.477,14.143,7.868,12000,17.154,7877
2494.588,20.477,14.143,7.868,12000,17.154,7877
2501.584,20.477,14.143,7.868,12000,17.154,7877
2508.652,20.477,14.154,7.868,12000,17.154,7877
2516.717,20.477,14.154,7.868,12000,17.154,7877
2523.723,20.477,14.154,7.868,12000,17.154,7877
2531.574,20.477,14.154,7.868,12000,17.154,7877
2539.619,20.477,14.154,7.868,12000,17.154,7877
2547.668,20.477,14.154,7.868,12000,17.154,7877
2554.577,20.477,14.154,7.868,12000,17.154,7877
2561.482,20.477,14.165,7.868,12000,17.154,7877
2568.549,20.477,14.165,7.879,12000,17.154,7877
2575.585,20.477,14.165,7.868,12000,17.154,7877
2582.638,20.472,14.165,7.868,12000,17.154,7877
2591.676,20.472,14.165,7.879,12000,17.154,7877
2599.584,20.472,14.165,7.879,12000,17.154,7877
2606.588,20.472,14.176,7.879,12000,17.154,7877
2614.572,20.472,14.176,7.879,12000,17.154,7877
2624.638,20.472,14.176,7.868,12000,17.154,7878
2633.611,20.472,14.176,7.868,12000,17.154,7878
2641.622,20.472,14.187,7.868,12000,17.154,7878
2651.731,20.476,14.187,7.868,12000,17.154,7878
2659.687,20.476,14.187,7.868,12000,17.154,7878
2667.923,20.476,14.187,7.868,12000,17.154,7878
2676.663,20.476,14.187,7.868,12000,17.154,7878
2688.758,20.481,14.187,7.879,12000,17.154,7878
2696.572,20.481,14.187,7.868,12000,17.154,7878
2707.572,20.481,14.198,7.868,12000,17.154,7878
2716.659,20.481,14.198,7.868,12000,17.154,7880
2724.664,20.481,14.198,7.868,12000,17.154,7880
2732.624,20.481,14.198,7.868,12000,17.154,7880
2740.744,20.481,14.198,7.868,12000,17.154,7880
2748.661,20.481,14.198,7.868,12000,17.154,7880
2757.685,20.481,14.198,7.868,12000,17.154,7880
2767.790,20.481,14.198,7.868,12000,17.154,7880
2779.771,20.481,14.209,7.868,12000,17.154,7880
2788.527,20.476,14.209,7.868,12000,17.154,7880
2797.751,20.476,14.209,7.868,12000,17.154,7880
2808.666,20.476,14.198,7.868,12000,17.154,7880
2820.617,20.476,14.198,7.868,12000,17.154,7880
2830.634,20.476,14.209,7.868,12000,17.154,7880
2839.625,20.476,14.220,7.868,12000,17.154,7880
2849.684,20.472,14.220,7.868,12000,17.154,7880
2861.771,20.472,14.220,7.868,12000,17.154,7880
2875.486,20.472,14.220,7.857,12000,17.154,7880
2883.651,20.477,14.220,7.857,12000,17.154,7880
2895.335,20.477,14.220,7.857,12000,17.154,7872
2906.049,20.477,14.220,7.857,12000,17.154,7872
2917.235,20.477,14.220,7.857,12000,17.154,7872
2932.150,20.477,14.231,7.857,12000,17.154,7872
2943.625,20.477,14.231,7.857,12000,17.154,7872
2955.345,20.481,14.231,7.857,12000,17.154,7872
2964.882,20.481,14.231,7.857,12000,17.154,7872
2973.511,20.481,14.242,7.857,12000,17.154,7872
2986.768,20.481,14.242,7.857,12000,17.154,7853
3001.619,20.476,14.242,7.857,12000,17.154,7853
3013.918,20.476,14.242,7.868,12000,17.154,7853
3023.761,20.476,14.242,7.868,12000,17.154,7853
3032.589,20.476,14.231,7.868,12000,17.154,7853
3045.706,20.476,14.231,7.868,12000,17.154,7853
3052.635,20.476,14.242,7.868,12000,17.154,7853
3061.889,20.476,14.242,7.868,12000,17.154,7853
3069.776,20.476,14.242,7.868,12000,17.154,7850
3077.756,20.476,14.242,7.868,12000,17.154,7850
3084.708,20.481,14.242,7.868,12000,17.154,7850
3094.194,20.481,14.242,7.857,12000,17.154,7850
3103.289,20.481,14.242,7.857,12000,17.154,7850
3111.337,20.481,14.253,7.857,12000,17.154,7850
3119.678,20.481,14.253,7.857,12000,17.154,7850
3131.254,20.481,14.253,7.868,12000,17.154,7850
3140.681,20.481,14.253,7.857,12000,17.154,7850
3149.561,20.481,14.253,7.857,12000,17.154,7850
3157.847,20.481,14.264,7.868,12000,17.143,7858
3167.804,20.481,14.264,7.868,12000,17.154,7858
3176.703,20.481,14.264,7.868,12000,17.154,7858
3185.102,20.481,14.264,7.857,12000,17.154,7858
3196.856,20.481,14.264,7.857,12000,17.154,7858
3208.626,20.481,14.264,7.868,12000,17.154,7858
3219.656,20.481,14.264,7.857,12000,17.154,7858
3227.777,20.481,14.275,7.857,12000,17.154,7858
3236.698,20.481,14.275,7.857,12000,17.154,7858
3244.691,20.481,14.275,7.857,12000,17.143,7858
3252.938,20.486,14.275,7.868,12000,17.154,7865
3261.708,20.486,14.275,7.857,12000,17.154,7865
3270.382,20.486,14.275,7.857,12000,17.154,7865
3281.813,20.486,14.275,7.857,12000,17.154,7865
3291.795,20.490,14.275,7.857,12000,17.143,7865
3300.719,20.490,14.286,7.857,12000,17.143,7865
3309.775,20.490,14.286,7.868,12000,17.154,7865
3318.199,20.490,14.286,7.868,12000,17.143,7865
3328.862,20.490,14.275,7.868,12000,17.143,7865
3336.895,20.490,14.275,7.868,12000,17.143,7865
3347.739,20.490,14.275,7.868,12000,17.143,7869
3355.802,20.481,14.286,7.868,12000,17.154,7869
3364.757,20.481,14.286,7.868,12000,17.143,7869
3374.679,20.481,14.286,7.868,12000,17.143,7869
3391.493,20.477,14.286,7.868,12000,17.143,7869
3401.695,20.477,14.297,7.868,12000,17.143,7869
3411.956,20.477,14.297,7.857,12000,17.143,7869
3421.005,20.477,14.297,7.857,12000,17.143,7869
3431.633,20.477,14.297,7.857,12000,17.143,7873
3445.182,20.477,14.297,7.868,12000,17.143,7873
3456.711,20.486,14.297,7.868,12000,17.143,7873
3465.712,20.486,14.297,7.868,12000,17.143,7873
3474.646,20.486,14.308,7.868,12000,17.143,7873
3483.851,20.481,14.308,7.868,12000,17.143,7873
3495.580,20.481,14.297,7.868,12000,17.143,7873
3505.849,20.481,14.297,7.868,12000,17.143,7873
3517.786,20.481,14.308,7.868,12000,17.143,7878
3525.752,20.481,14.308,7.868,12000,17.143,7878
3534.769,20.481,14.308,7.868,12000,17.143,7878
3545.003,20.481,14.319,7.868,12000,17.143,7878
3556.710,20.472,14.319,7.857,12000,17.143,7878
3570.487,20.472,14.319,7.857,12000,17.143,7878
3586.111,20.472,14.319,7.868,12000,17.143,7878
3598.824,20.458,14.319,7.879,12000,17.143,7878
3608.595,20.458,14.319,7.868,12000,17.143,7883
3616.760,20.458,14.319,7.868,12000,17.143,7883
3623.701,20.458,14.319,7.868,12000,17.143,7883
3633.815,20.458,14.319,7.868,12000,17.143,7883
3647.885,20.463,14.330,7.879,12000,17.143,7883
3657.754,20.463,14.330,7.868,12000,17.143,7883
3668.353,20.463,14.341,7.868,12000,17.143,7883
3676.721,20.463,14.330,7.868,12000,17.143,7883
3686.878,20.481,14.330,7.868,12000,17.143,7883
3694.710,20.481,14.330,7.868,12000,17.143,7883
3704.705,20.481,14.330,7.857,12000,17.143,7888
3711.789,20.481,14.341,7.857,12000,17.143,7888
3721.727,20.481,14.330,7.868,12000,17.143,7888
3731.643,20.481,14.330,7.868,12000,17.143,7888
3741.897,20.481,14.341,7.868,12000,17.143,7888
3749.671,20.486,14.341,7.868,12000,17.154,7888
3767.914,20.486,14.341,7.868,12000,17.154,7888
3775.672,20.486,14.341,7.857,12000,17.143,7888
3785.224,20.490,14.341,7.857,12000,17.143,7888
3794.995,20.490,14.352,7.868,12000,17.143,7890
3804.129,20.490,14.352,7.868,12000,17.143,7890
3811.703,20.490,14.352,7.868,12000,17.143,7890
3820.456,20.490,14.352,7.868,12000,17.143,7890
3832.672,20.490,14.352,7.868,12000,17.143,7890
3840.743,20.490,14.352,7.879,12000,17.143,7890
3850.760,20.476,14.363,7.868,12000,17.143,7890
3861.130,20.476,14.363,7.868,12000,17.143,7890
3870.368,20.476,14.363,7.868,12000,17.143,7890
3881.674,20.476,14.352,7.868,12000,17.143,7886
3896.667,20.463,14.363,7.868,12000,17.143,7886
3906.966,20.463,14.363,7.868,12000,17.143,7886
3923.686,20.463,14.363,7.868,12000,17.143,7886
3931.799,20.463,14.363,7.868,12000,17.143,7886
3945.198,20.463,14.374,7.857,12000,17.143,7886
3954.623,20.459,14.374,7.857,12000,17.143,7886
3962.274,20.459,14.374,7.868,12000,17.143,7886
3970.162,20.459,14.374,7.868,12000,17.143,7885
3978.261,20.459,14.374,7.868,12000,17.143,7885
3988.718,20.472,14.385,7.868,12000,17.143,7885
3999.761,20.472,14.374,7.868,12000,17.143,7885
4012.421,20.472,14.385,7.868,12000,17.143,7885
4021.666,20.472,14.374,7.868,12000,17.143,7885
4031.718,20.472,14.374,7.868,12000,17.143,7885
4046.025,20.472,14.385,7.868,12000,17.143,7885
4064.659,20.481,14.396,7.857,12000,17.143,7883
4083.643,20.481,14.385,7.857,12000,17.143,7883
4090.814,20.472,14.385,7.868,12000,17.143,7883
4097.841,20.472,14.385,7.868,12000,17.143,7883
4105.747,20.472,14.385,7.868,12000,17.143,7883
4112.704,20.472,14.385,7.868,12000,17.143,7883
4120.751,20.472,14.396,7.868,12000,17.143,7883
4129.743,20.472,14.396,7.868,12000,17.143,7883
4137.775,20.472,14.407,7.868,12000,17.143,7883
4151.674,20.472,14.407,7.868,12000,17.143,7879
4159.722,20.476,14.407,7.868,12000,17.143,7879
4167.914,20.476,14.396,7.868,12000,17.143,7879
4175.694,20.476,14.396,7.868,12000,17.143,7879
4182.751,20.486,14.396,7.857,12000,17.143,7879
4191.707,20.486,14.407,7.857,12000,17.143,7879
4203.744,20.486,14.407,7.857,12000,17.143,7879
4212.657,20.486,14.418,7.857,12000,17.143,7879
4224.744,20.486,14.418,7.857,12000,17.143,7879
4239.754,20.486,14.418,7.868,12000,17.143,7878
4249.847,20.486,14.418,7.857,12000,17.143,7878
4262.290,20.486,14.418,7.857,12000,17.143,7878
4271.823,20.486,14.429,7.857,12000,17.143,7878
4278.980,20.486,14.429,7.868,12000,17.143,7878
4287.902,20.481,14.429,7.857,12000,17.143,7878
4296.673,20.481,14.429,7.857,12000,17.143,7878
4305.892,20.481,14.429,7.857,12000,17.143,7878
4314.793,20.481,14.429,7.857,12000,17.143,7878
4323.831,20.481,14.429,7.857,12000,17.143,7878
4332.734,20.481,14.440,7.857,12000,17.143,7877
4341.718,20.481,14.440,7.857,12000,17.143,7877
4349.751,20.481,14.440,7.857,12000,17.143,7877
4359.813,20.481,14.429,7.868,12000,17.143,7877
4369.639,20.481,14.429,7.868,12000,17.143,7877
4385.091,20.481,14.429,7.868,12000,17.143,7877
4393.826,20.476,14.440,7.857,12000,17.143,7877
4402.898,20.476,14.440,7.868,12000,17.143,7877
4411.172,20.476,14.440,7.868,12000,17.143,7877
4418.788,20.476,14.440,7.868,12000,17.143,7876
4427.807,20.476,14.440,7.868,12000,17.143,7876
4434.741,20.476,14.451,7.868,12000,17.143,7876
4443.894,20.476,14.451,7.868,12000,17.143,7876
4450.628,20.476,14.451,7.868,12000,17.143,7876
4457.625,20.476,14.451,7.868,12000,17.143,7876
4465.656,20.476,14.451,7.868,12000,17.143,7876
4472.649,20.476,14.451,7.868,12000,17.143,7876
4479.684,20.476,14.462,7.868,12000,17.143,7876
4490.762,20.481,14.462,7.857,12000,17.143,7876
4498.669,20.481,14.462,7.857,12000,17.143,7876
4507.676,20.481,14.462,7.857,12000,17.143,7876
4517.723,20.481,14.462,7.857,12000,17.143,7876
4526.741,20.481,14.462,7.857,12000,17.132,7876
4536.260,20.481,14.462,7.857,12000,17.143,7876
4544.314,20.481,14.462,7.857,12000,17.143,7876
4551.704,20.481,14.462,7.868,12000,17.143,7876
4561.955,20.481,14.473,7.868,12000,17.143,7876
4569.761,20.481,14.473,7.868,12000,17.143,7876
4577.532,20.481,14.473,7.868,12000,17.143,7876
4586.022,20.476,14.462,7.868,12000,17.143,7876
4595.204,20.476,14.462,7.868,12000,17.143,7876
4603.084,20.476,14.473,7.868,12000,17.143,7876
4612.043,20.476,14.473,7.879,12000,17.143,7876
4620.493,20.476,14.473,7.879,12000,17.143,7876
4627.825,20.476,14.473,7.857,12000,17.143,7876
4637.111,20.476,14.473,7.857,12000,17.143,7876
4646.674,20.476,14.473,7.857,12000,17.143,7876
4656.805,20.464,14.473,7.857,12000,17.143,7876
4665.767,20.464,14.473,7.857,12000,17.143,7876
4673.651,20.464,14.473,7.868,12000,17.143,7876
4681.642,20.464,14.484,7.857,12000,17.143,7876
4689.711,20.468,14.473,7.857,12000,17.132,7877
4696.767,20.468,14.473,7.857,12000,17.132,7877
4703.640,20.468,14.473,7.857,12000,17.132,7877
4710.696,20.468,14.484,7.857,12000,17.143,7877
4718.742,20.468,14.484,7.868,12000,17.143,7877
4725.654,20.468,14.484,7.868,12000,17.132,7877
4732.645,20.468,14.495,7.857,12000,17.132,7877
4740.515,20.468,14.495,7.857,12000,17.143,7877
4747.517,20.486,14.495,7.857,12000,17.132,7877
4754.631,20.486,14.495,7.857,12000,17.132,7877
4762.099,20.486,14.495,7.857,12000,17.132,7877
4771.568,20.486,14.495,7.857,12000,17.143,7877
4780.667,20.486,14.495,7.857,12000,17.132,7879
4787.662,20.486,14.505,7.857,12000,17.132,7879
4796.575,20.486,14.505,7.868,12000,17.143,7879
4805.591,20.486,14.505,7.857,12000,17.143,7879
4815.525,20.486,14.505,7.857,12000,17.143,7879
4823.669,20.486,14.505,7.857,12000,17.143,7879
4832.558,20.486,14.505,7.857,12000,17.143,7879
4841.707,20.486,14.505,7.868,12000,17.132,7879
4850.541,20.472,14.505,7.868,12000,17.132,7879
4859.571,20.472,14.505,7.868,12000,17.143,7879
4866.642,20.472,14.505,7.868,12000,17.143,7881
4874.818,20.472,14.505,7.868,12000,17.143,7881
4883.709,20.476,14.505,7.868,12000,17.132,7881
4891.547,20.476,14.505,7.868,12000,17.132,7881
4899.678,20.476,14.505,7.868,12000,17.132,7881
4908.023,20.476,14.516,7.868,12000,17.143,7881
4915.708,20.476,14.516,7.868,12000,17.132,7881
4925.658,20.476,14.516,7.868,12000,17.132,7881
4933.691,20.476,14.516,7.868,12000,17.132,7881
4945.056,20.476,14.516,7.868,12000,17.132,7881
4953.834,20.481,14.516,7.868,12000,17.132,7881
4960.850,20.481,14.516,7.868,12000,17.132,7882
4969.621,20.481,14.516,7.879,12000,17.132,7882
4979.090,20.481,14.516,7.868,12000,17.132,7882
4987.280,20.472,14.516,7.868,12000,17.132,7882
4996.556,20.472,14.516,7.868,12000,17.132,7882
5004.589,20.472,14.527,7.857,12000,17.132,7882
5015.606,20.472,14.527,7.857,12000,17.132,7882
5024.776,20.472,14.538,7.857,12000,17.143,7882
5033.550,20.472,14.538,7.857,12000,17.143,7882
5043.500,20.472,14.538,7.868,12000,17.132,7882
5054.766,20.476,14.527,7.857,12000,17.132,7883
5063.760,20.476,14.527,7.857,12000,17.132,7883
5078.176,20.476,14.538,7.868,12000,17.132,7883
5086.744,20.481,14.538,7.868,12000,17.143,7883
5095.029,20.481,14.538,7.857,12000,17.132,7883
5105.605,20.481,14.538,7.857,12000,17.132,7883
5115.215,20.481,14.538,7.868,12000,17.132,7883
5123.152,20.481,14.538,7.868,12000,17.132,7883
5131.127,20.481,14.538,7.868,12000,17.132,7883
5139.144,20.481,14.538,7.868,12000,17.132,7885
5147.727,20.477,14.549,7.868,12000,17.132,7885
5154.761,20.477,14.549,7.868,12000,17.132,7885
5163.775,20.477,14.549,7.868,12000,17.132,7885
5173.954,20.477,14.549,7.857,12000,17.132,7885
5183.649,20.477,14.549,7.857,12000,17.132,7885
5191.545,20.477,14.549,7.868,12000,17.132,7885
5198.685,20.477,14.549,7.868,12000,17.132,7885
5206.937,20.477,14.549,7.868,12000,17.132,7885
5214.928,20.477,14.549,7.857,12000,17.132,7885
5222.927,20.477,14.560,7.857,12000,17.132,7883
5229.640,20.477,14.560,7.857,12000,17.132,7883
5237.713,20.477,14.560,7.868,12000,17.132,7883
5245.663,20.477,14.560,7.857,12000,17.132,7883
5252.514,20.477,14.549,7.857,12000,17.132,7883
5260.517,20.477,14.549,7.857,12000,17.132,7883
5268.152,20.477,14.549,7.857,12000,17.132,7883
5278.670,20.477,14.549,7.857,12000,17.143,7883
5287.669,20.477,14.560,7.868,12000,17.132,7883
5295.668,20.477,14.560,7.868,12000,17.132,7883
5302.669,20.477,14.560,7.868,12000,17.132,7883
5310.664,20.477,14.560,7.868,12000,17.132,7883
5317.575,20.477,14.560,7.868,12000,17.132,7880
5324.681,20.477,14.571,7.868,12000,17.132,7880
5331.718,20.477,14.571,7.868,12000,17.132,7880
5339.763,20.477,14.571,7.868,12000,17.132,7880
5346.675,20.481,14.571,7.868,12000,17.132,7880
5354.705,20.481,14.571,7.868,12000,17.132,7880
5362.660,20.481,14.571,7.868,12000,17.132,7880
5370.652,20.481,14.571,7.868,12000,17.132,7880
5377.660,20.481,14.582,7.868,12000,17.132,7880
5385.547,20.486,14.582,7.868,12000,17.132,7880
5392.679,20.486,14.582,7.868,12000,17.132,7880
5399.675,20.486,14.571,7.868,12000,17.132,7880
5406.759,20.486,14.571,7.868,12000,17.132,7878
5414.824,20.486,14.571,7.868,12000,17.132,7878
5423.220,20.486,14.582,7.868,12000,17.132,7878
5431.423,20.486,14.582,7.868,12000,17.132,7878
5438.686,20.486,14.571,7.868,12000,17.132,7878
5446.826,20.486,14.582,7.868,12000,17.132,7878
5453.685,20.486,14.582,7.868,12000,17.132,7878
5461.733,20.486,14.582,7.857,12000,17.132,7878
5470.708,20.486,14.582,7.857,12000,17.132,7878
5485.749,20.486,14.582,7.868,12000,17.132,7878
5493.556,20.476,14.582,7.868,12000,17.132,7877
5500.508,20.476,14.582,7.868,12000,17.132,7877
5507.556,20.476,14.582,7.868,12000,17.132,7877
5514.590,20.476,14.582,7.868,12000,17.132,7877
5524.277,20.476,14.582,7.868,12000,17.132,7877
5535.853,20.476,14.582,7.868,12000,17.132,7877
5544.662,20.476,14.582,7.868,12000,17.132,7877
5553.840,20.472,14.571,7.868,12000,17.132,7877
5562.779,20.472,14.571,7.868,12000,17.132,7877
5571.576,20.472,14.571,7.868,12000,17.132,7877
5579.746,20.472,14.571,7.868,12000,17.132,7877
5590.914,20.477,14.571,7.857,12000,17.132,7877
5599.359,20.477,14.571,7.857,12000,17.132,7877
5607.733,20.477,14.571,7.868,12000,17.132,7877
5618.661,20.477,14.571,7.857,12000,17.132,7877
5628.745,20.477,14.571,7.868,12000,17.132,7877
5638.803,20.477,14.571,7.868,12000,17.132,7877
5647.656,20.481,14.560,7.868,12000,17.132,7877
5655.706,20.481,14.560,7.868,12000,17.132,7877
5668.590,20.481,14.560,7.868,12000,17.132,7877
5676.731,20.481,14.571,7.868,12000,17.132,7876
5686.611,20.481,14.571,7.868,12000,17.132,7876
5695.601,20.481,14.571,7.868,12000,17.132,7876
5704.570,20.481,14.571,7.868,12000,17.132,7876
5713.883,20.481,14.571,7.868,12000,17.132,7876
5724.047,20.481,14.571,7.868,12000,17.132,7876
5732.818,20.481,14.571,7.868,12000,17.132,7876
5741.217,20.481,14.571,7.868,12000,17.132,7876
5748.959,20.481,14.571,7.868,12000,17.132,7876
5757.379,20.481,14.582,7.868,12000,17.132,7876
5766.608,20.481,14.582,7.857,12000,17.132,7877
5776.647,20.481,14.560,7.857,12000,17.132,7877
5785.564,20.481,14.560,7.868,12000,17.132,7877
5794.668,20.481,14.560,7.868,12000,17.132,7877
5803.658,20.481,14.560,7.868,12000,17.132,7877
5812.742,20.481,14.571,7.868,12000,17.132,7877
5825.016,20.481,14.560,7.868,12000,17.132,7877
5833.802,20.481,14.560,7.857,12000,17.132,7877
5845.947,20.481,14.560,7.857,12000,17.132,7877
5854.798,20.481,14.560,7.868,12000,17.132,7877
5866.231,20.481,14.560,7.868,12000,17.132,7877
5879.634,20.481,14.560,7.868,12000,17.132,7877
5890.532,20.481,14.560,7.868,12000,17.132,7877
5899.753,20.481,14.560,7.868,12000,17.132,7877
5907.870,20.481,14.560,7.857,12000,17.121,7877
5924.716,20.481,14.560,7.868,12000,17.132,7877
5935.715,20.481,14.560,7.857,12000,17.121,7877
5948.710,20.481,14.560,7.857,12000,17.121,7877
5957.788,20.481,14.560,7.857,12000,17.121,7877
5967.181,20.481,14.560,7.857,12000,17.121,7877
5975.848,20.481,14.560,7.857,12000,17.121,7877
5984.922,20.486,14.560,7.857,12000,17.121,7877
5993.850,20.486,14.560,7.857,12000,17.132,7877
6002.882,20.486,14.560,7.857,12000,17.121,7877
6012.898,20.486,14.560,7.857,12000,17.121,7877
6024.315,20.486,14.560,7.868,12000,17.121,7877
6033.721,20.486,14.560,7.868,12000,17.121,7876
6043.909,20.486,14.571,7.868,12000,17.121,7876
6053.600,20.499,14.571,7.868,12000,17.132,7876
6065.777,20.499,14.571,7.868,12000,17.121,7876
6084.193,20.499,14.549,7.868,12000,17.121,7876
6095.663,20.499,14.549,7.868,12000,17.121,7876
6105.887,20.499,14.549,7.857,12000,17.121,7876
6113.887,20.499,14.560,7.857,12000,17.121,7876
6121.759,20.499,14.560,7.868,12000,17.121,7874
6129.909,20.499,14.560,7.868,12000,17.121,7874
6140.246,20.499,14.560,7.868,12000,17.121,7874
6149.725,20.490,14.549,7.868,12000,17.121,7874
6160.008,20.490,14.549,7.868,12000,17.121,7874
6171.791,20.490,14.549,7.857,12000,17.121,7874
6184.826,20.490,14.549,7.857,12000,17.121,7874
6198.874,20.486,14.549,7.868,12000,17.132,7874
6207.016,20.486,14.549,7.868,12000,17.121,7874
6218.133,20.486,14.549,7.868,12000,17.121,7876
6227.840,20.486,14.549,7.857,12000,17.132,7876
6237.709,20.486,14.549,7.857,12000,17.121,7876
6249.122,20.486,14.538,7.868,12000,17.121,7876
6261.628,20.481,14.538,7.868,12000,17.121,7876
6269.879,20.481,14.549,7.868,12000,17.121,7876
6279.890,20.481,14.549,7.857,12000,17.121,7876
6293.086,20.476,14.549,7.857,12000,17.121,7876
6302.814,20.476,14.549,7.868,12000,17.121,7877
6311.886,20.476,14.549,7.879,12000,17.121,7877
6322.511,20.476,14.538,7.868,12000,17.121,7877
6332.601,20.476,14.538,7.868,12000,17.121,7877
6342.990,20.476,14.549,7.868,12000,17.121,7877
6354.864,20.464,14.549,7.868,12000,17.121,7877
6363.975,20.464,14.560,7.868,12000,17.121,7877
6375.309,20.464,14.538,7.868,12000,17.121,7877
6387.735,20.464,14.538,7.868,12000,17.121,7877
6396.854,20.464,14.538,7.857,12000,17.121,7878
6411.717,20.464,14.538,7.857,12000,17.121,7878
6438.015,20.464,14.549,7.857,12000,17.121,7878
6449.003,20.486,14.538,7.868,12000,17.121,7878
6474.866,20.486,14.538,7.857,12000,17.121,7878
6483.787,20.481,14.538,7.857,12000,17.121,7879
6491.367,20.481,14.538,7.868,12000,17.121,7879
6501.015,20.481,14.538,7.868,12000,17.121,7879
6510.874,20.481,14.538,7.879,12000,17.121,7879
6520.824,20.481,14.527,7.868,12000,17.121,7879
6532.710,20.481,14.527,7.868,12000,17.121,7879
6544.065,20.481,14.527,7.868,12000,17.121,7879
6554.829,20.463,14.527,7.868,12000,17.121,7879
6563.878,20.463,14.538,7.868,12000,17.121,7879
6574.357,20.463,14.538,7.868,12000,17.132,7881
6584.007,20.467,14.538,7.868,12000,17.132,7881
6592.705,20.467,14.538,7.868,12000,17.121,7881
6602.623,20.467,14.538,7.868,12000,17.121,7881
6611.900,20.467,14.527,7.868,12000,17.121,7881
6624.912,20.467,14.527,7.857,12000,17.121,7881
6633.380,20.467,14.538,7.868,12000,17.121,7881
6643.837,20.467,14.538,7.868,12000,17.121,7881
6651.859,20.476,14.538,7.868,12000,17.132,7881
6660.802,20.476,14.538,7.868,12000,17.121,7880
6668.840,20.476,14.538,7.868,12000,17.121,7880
6678.961,20.476,14.538,7.868,12000,17.121,7880
6703.784,20.476,14.538,7.857,12000,17.121,7880
6712.783,20.476,14.538,7.868,12000,17.121,7880
6720.891,20.476,14.538,7.857,12000,17.121,7880
6730.349,20.476,14.538,7.857,12000,17.121,7880
6742.787,20.476,14.527,7.868,12000,17.121,7880
6752.805,20.472,14.527,7.868,12000,17.121,7878
6762.845,20.472,14.527,7.857,12000,17.121,7878
6772.326,20.472,14.527,7.857,12000,17.121,7878
6784.741,20.472,14.538,7.857,12000,17.121,7878
6794.950,20.472,14.538,7.857,12000,17.121,7878
6804.854,20.472,14.527,7.857,12000,17.121,7878
6813.949,20.472,14.527,7.857,12000,17.121,7878
6824.407,20.472,14.527,7.857,12000,17.121,7878
6832.672,20.472,14.527,7.868,12000,17.121,7878
6843.166,20.472,14.527,7.868,12000,17.121,7877
6857.508,20.481,14.527,7.868,12000,17.121,7877
6865.704,20.481,14.527,7.868,12000,17.121,7877
6880.578,20.481,14.527,7.868,12000,17.121,7877
6891.990,20.490,14.516,7.868,12000,17.121,7877
6901.686,20.490,14.516,7.868,12000,17.121,7877
6911.931,20.490,14.516,7.868,12000,17.121,7877
6924.854,20.490,14.516,7.868,12000,17.121,7877
6935.210,20.490,14.527,7.868,12000,17.121,7877
6963.140,20.476,14.527,7.879,12000,17.121,7877
6976.708,20.476,14.527,7.868,12000,17.121,7877
6992.984,20.472,14.516,7.868,12000,17.121,7877
7002.860,20.472,14.527,7.868,12000,17.121,7877
7014.140,20.472,14.527,7.868,12000,17.121,7877
7027.768,20.472,14.527,7.879,12000,17.121,7877
7041.227,20.472,14.516,7.868,12000,17.121,7877
7050.816,20.486,14.516,7.868,12000,17.121,7877
7062.955,20.486,14.516,7.868,12000,17.121,7877
7077.023,20.486,14.516,7.868,12000,17.121,7877
7095.154,20.481,14.516,7.857,12000,17.121,7877
7118.809,20.481,14.516,7.857,12000,17.121,7877
7125.855,20.481,14.516,7.857,12000,17.121,7877
7134.023,20.481,14.516,7.868,12000,17.121,7877
7142.771,20.481,14.505,7.868,12000,17.121,7877
7151.764,20.472,14.505,7.868,12000,17.121,7877
7159.835,20.472,14.527,7.868,12000,17.121,7877
7167.757,20.472,14.527,7.868,12000,17.121,7877
7174.844,20.472,14.527,7.868,12000,17.121,7877
7181.797,20.477,14.516,7.868,12000,17.121,7877
7190.825,20.477,14.516,7.868,12000,17.121,7877
7198.559,20.477,14.516,7.868,12000,17.121,7877
7206.670,20.477,14.516,7.868,12000,17.121,7880
7213.778,20.477,14.516,7.868,12000,17.132,7880
7225.762,20.477,14.516,7.868,12000,17.132,7880
7234.841,20.477,14.516,7.868,12000,17.132,7880
7244.812,20.477,14.516,7.868,12000,17.121,7880
7254.887,20.481,14.516,7.868,12000,17.121,7880
7263.732,20.481,14.505,7.868,12000,17.121,7880
7274.039,20.481,14.505,7.879,12000,17.121,7880
7280.869,20.481,14.505,7.857,12000,17.121,7880
7291.527,20.481,14.505,7.857,12000,17.121,7880
7299.653,20.481,14.505,7.868,12000,17.121,7880
7307.962,20.481,14.516,7.868,12000,17.121,7880
7316.380,20.481,14.516,7.868,12000,17.121,7880
7324.604,20.481,14.516,7.868,12000,17.121,7880
7331.814,20.481,14.505,7.868,12000,17.121,7880
7341.074,20.481,14.516,7.868,12000,17.121,7880
7351.922,20.477,14.505,7.868,12000,17.121,7880
7363.019,20.477,14.505,7.857,12000,17.121,7880
7374.773,20.477,14.505,7.868,12000,17.121,7880
7386.015,20.481,14.516,7.868,12000,17.121,7881
7393.875,20.481,14.516,7.868,12000,17.121,7881
7403.143,20.481,14.516,7.868,12000,17.121,7881
7414.280,20.481,14.505,7.868,12000,17.121,7881
7433.423,20.481,14.505,7.868,12000,17.121,7881
7444.077,20.481,14.505,7.857,12000,17.121,7881
7460.800,20.486,14.505,7.857,12000,17.110,7881
7468.836,20.486,14.505,7.857,12000,17.110,7881
7477.677,20.486,14.505,7.857,12000,17.121,7881
7486.670,20.476,14.495,7.857,12000,17.121,7881
7494.809,20.476,14.495,7.857,12000,17.110,7881
7506.164,20.476,14.505,7.857,12000,17.121,7881
7516.397,20.476,14.505,7.857,12000,17.110,7881
7526.866,20.476,14.505,7.857,12000,17.121,7881
7537.822,20.476,14.495,7.857,12000,17.110,7881
7549.385,20.476,14.505,7.868,12000,17.121,7881
7557.822,20.476,14.505,7.857,12000,17.110,7881
7568.938,20.476,14.505,7.857,12000,17.110,7878
7578.824,20.476,14.505,7.868,12000,17.110,7878
7587.934,20.481,14.505,7.879,12000,17.110,7878
7597.424,20.481,14.505,7.857,12000,17.121,7878
7607.884,20.481,14.495,7.857,12000,17.121,7878
7616.334,20.481,14.495,7.868,12000,17.110,7878
7626.129,20.481,14.505,7.868,12000,17.110,7878
7639.115,20.481,14.505,7.868,12000,17.110,7878
7649.281,20.481,14.505,7.857,12000,17.110,7879
7657.525,20.481,14.505,7.857,12000,17.110,7879
7668.812,20.481,14.505,7.868,12000,17.110,7879
7677.918,20.481,14.505,7.857,12000,17.110,7879
7686.690,20.486,14.505,7.857,12000,17.110,7879
7704.186,20.486,14.495,7.857,12000,17.110,7879
7717.855,20.486,14.495,7.868,12000,17.110,7879
7727.868,20.486,14.495,7.868,12000,17.110,7879
7737.863,20.486,14.495,7.868,12000,17.110,7878
7751.685,20.476,14.495,7.857,12000,17.110,7878
7760.852,20.476,14.495,7.857,12000,17.110,7878
7768.860,20.476,14.495,7.868,12000,17.121,7878
7778.882,20.476,14.495,7.868,12000,17.110,7878
7788.930,20.463,14.495,7.879,12000,17.110,7878
7796.958,20.463,14.495,7.868,12000,17.110,7878
7804.904,20.463,14.484,7.868,12000,17.110,7878
7814.030,20.463,14.495,7.857,12000,17.110,7878
7827.939,20.463,14.495,7.857,12000,17.110,7877
7837.756,20.463,14.495,7.857,12000,17.110,7877
7849.240,20.472,14.495,7.868,12000,17.110,7877
7860.998,20.472,14.495,7.868,12000,17.110,7877
7870.896,20.472,14.495,7.857,12000,17.110,7877
7885.684,20.472,14.495,7.857,12000,17.110,7877
7893.936,20.481,14.495,7.868,12000,17.110,7877
7903.871,20.481,14.495,7.868,12000,17.110,7877
7912.935,20.481,14.495,7.868,12000,17.110,7877
7924.787,20.481,14.495,7.868,12000,17.110,7879
7934.896,20.481,14.495,7.857,12000,17.110,7879
7945.847,20.481,14.495,7.857,12000,17.110,7879
7957.259,20.490,14.484,7.857,12000,17.110,7879
7973.878,20.490,14.484,7.857,12000,17.110,7879
7984.842,20.490,14.484,7.868,12000,17.110,7879
7993.898,20.481,14.484,7.857,12000,17.110,7879
8002.965,20.481,14.484,7.857,12000,17.110,7879
8011.908,20.481,14.484,7.868,12000,17.110,7881
8022.424,20.481,14.484,7.868,12000,17.110,7881
8030.915,20.481,14.484,7.868,12000,17.110,7881
8044.058,20.481,14.484,7.857,12000,17.110,7881
8053.816,20.472,14.484,7.857,12000,17.110,7881
8062.895,20.472,14.484,7.868,12000,17.110,7881
8077.043,20.472,14.484,7.868,12000,17.110,7881
8094.154,20.481,14.484,7.857,12000,17.110,7881
8104.899,20.481,14.484,7.868,12000,17.110,7881
8117.843,20.481,14.484,7.868,12000,17.110,7881
8125.826,20.481,14.484,7.868,12000,17.110,7881
8132.793,20.481,14.484,7.868,12000,17.110,7881
8140.822,20.481,14.484,7.868,12000,17.110,7881
8147.846,20.481,14.473,7.868,12000,17.110,7881
8154.908,20.481,14.473,7.868,12000,17.110,7881
8162.986,20.481,14.473,7.868,12000,17.110,7881
8169.970,20.481,14.473,7.868,12000,17.110,7881
8176.921,20.481,14.473,7.868,12000,17.110,7881
8184.011,20.476,14.473,7.868,12000,17.110,7881
8192.002,20.476,14.473,7.868,12000,17.110,7881
8201.208,20.476,14.473,7.868,12000,17.110,7881
8209.947,20.476,14.473,7.868,12000,17.110,7881
8220.044,20.476,14.484,7.868,12000,17.110,7881
8232.854,20.476,14.484,7.879,12000,17.110,7881
8245.974,20.476,14.473,7.868,12000,17.110,7881
8256.164,20.476,14.473,7.857,12000,17.110,7881
8266.890,20.476,14.473,7.857,12000,17.110,7881
8276.095,20.476,14.473,7.857,12000,17.110,7878
8283.954,20.476,14.473,7.868,12000,17.110,7878
8297.694,20.476,14.473,7.868,12000,17.110,7878
8307.731,20.476,14.473,7.868,12000,17.110,7878
8319.879,20.476,14.473,7.868,12000,17.110,7878
8328.736,20.476,14.473,7.868,12000,17.110,7878
8337.969,20.476,14.484,7.868,12000,17.110,7878
8348.018,20.481,14.473,7.868,12000,17.110,7878
8357.905,20.481,14.473,7.868,12000,17.110,7878
8366.910,20.481,14.484,7.868,12000,17.110,7878
8379.248,20.481,14.484,7.868,12000,17.110,7878
8391.682,20.486,14.484,7.857,12000,17.110,7878
8398.919,20.486,14.473,7.857,12000,17.110,7878
8408.870,20.486,14.484,7.868,12000,17.110,7878
8418.385,20.486,14.473,7.868,12000,17.110,7878
8436.604,20.486,14.473,7.879,12000,17.110,7878
8445.942,20.486,14.473,7.868,12000,17.110,7878
8457.929,20.477,14.473,7.857,12000,17.110,7879
8472.882,20.477,14.473,7.857,12000,17.110,7879
8482.919,20.477,14.473,7.857,12000,17.110,7879
8494.903,20.472,14.473,7.857,12000,17.110,7879
8514.629,20.472,14.473,7.868,12000,17.110,7879
8527.978,20.472,14.473,7.868,12000,17.110,7879
8537.587,20.472,14.473,7.868,12000,17.110,7879
8548.801,20.472,14.473,7.868,12000,17.110,7880
8570.323,20.481,14.462,7.868,12000,17.110,7880
8578.545,20.481,14.462,7.879,12000,17.110,7880
8586.792,20.486,14.462,7.879,12000,17.110,7880
8597.993,20.486,14.462,7.879,12000,17.110,7880
8607.957,20.486,14.473,7.868,12000,17.110,7880
8618.258,20.486,14.462,7.868,12000,17.110,7880
8626.841,20.486,14.462,7.868,12000,17.110,7880
8640.854,20.486,14.462,7.868,12000,17.110,7880
8654.976,20.486,14.462,7.868,12000,17.110,7880
8665.760,20.486,14.462,7.868,12000,17.110,7880
8678.332,20.486,14.462,7.857,12000,17.110,7880
8686.583,20.476,14.473,7.857,12000,17.110,7880
8696.037,20.476,14.473,7.857,12000,17.110,7880
8704.595,20.476,14.473,7.857,12000,17.110,7880
8720.483,20.476,14.462,7.857,12000,17.110,7880
8729.837,20.476,14.473,7.857,12000,17.110,7882
8740.262,20.476,14.473,7.857,12000,17.110,7882
8751.175,20.459,14.473,7.868,12000,17.110,7882
8759.841,20.459,14.462,7.868,12000,17.110,7882
8768.183,20.459,14.462,7.868,12000,17.110,7882
8782.871,20.459,14.462,7.868,12000,17.110,7882
8798.864,20.459,14.462,7.879,12000,17.110,7882
8808.887,20.459,14.462,7.879,12000,17.110,7882
8818.155,20.459,14.462,7.868,12000,17.110,7884
8828.447,20.459,14.462,7.857,12000,17.110,7884
8837.977,20.459,14.462,7.857,12000,17.110,7884
8847.721,20.459,14.462,7.857,12000,17.110,7884
8857.955,20.472,14.462,7.857,12000,17.110,7884
8870.767,20.472,14.451,7.868,12000,17.110,7884
8879.859,20.472,14.462,7.868,12000,17.110,7884
8891.964,20.481,14.462,7.857,12000,17.110,7884
8903.282,20.481,14.462,7.857,12000,17.110,7884
8911.447,20.481,14.462,7.857,12000,17.121,7884
8924.023,20.481,14.462,7.857,12000,17.121,7884
8936.931,20.481,14.451,7.857,12000,17.110,7884
8946.954,20.481,14.451,7.857,12000,17.110,7884
8956.146,20.481,14.462,7.857,12000,17.121,7884
8965.791,20.481,14.462,7.857,12000,17.121,7884
8976.146,20.481,14.462,7.857,12000,17.121,7884
8986.117,20.490,14.462,7.868,12000,17.121,7884
8994.923,20.490,14.462,7.857,12000,17.121,7884
9004.014,20.490,14.462,7.857,12000,17.121,7882
9012.840,20.490,14.462,7.868,12000,17.121,7882
9028.735,20.490,14.462,7.868,12000,17.110,7882
9039.020,20.490,14.462,7.868,12000,17.110,7882
9046.923,20.490,14.462,7.857,12000,17.110,7882
9054.835,20.499,14.451,7.857,12000,17.110,7882
9062.950,20.499,14.451,7.868,12000,17.110,7882
9070.081,20.499,14.451,7.857,12000,17.110,7882
9078.271,20.499,14.462,7.857,12000,17.110,7882
9087.987,20.490,14.451,7.857,12000,17.110,7881
9096.850,20.490,14.451,7.857,12000,17.110,7881
9115.372,20.490,14.451,7.857,12000,17.110,7881
9123.062,20.490,14.451,7.868,12000,17.110,7881
9131.607,20.490,14.451,7.868,12000,17.110,7881
9139.980,20.490,14.451,7.879,12000,17.110,7881
9148.620,20.481,14.451,7.868,12000,17.110,7881
9157.924,20.481,14.451,7.868,12000,17.110,7881
9165.231,20.481,14.451,7.879,12000,17.110,7881
9174.444,20.481,14.451,7.879,12000,17.110,7881
9181.928,20.494,14.451,7.879,12000,17.110,7881
9190.691,20.494,14.451,7.868,12000,17.110,7881
9199.271,20.494,14.451,7.868,12000,17.110,7881
9211.088,20.494,14.451,7.868,12000,17.110,7881
9233.286,20.494,14.451,7.857,12000,17.110,7881
9248.683,20.494,14.451,7.868,12000,17.110,7881
9257.174,20.494,14.451,7.868,12000,17.110,7881
9265.749,20.494,14.451,7.857,12000,17.110,7879
9281.761,20.494,14.451,7.857,12000,17.110,7879
9289.041,20.486,14.440,7.857,12000,17.110,7879
9297.031,20.486,14.440,7.857,12000,17.110,7879
9309.051,20.486,14.451,7.868,12000,17.110,7879
9317.951,20.486,14.451,7.868,12000,17.110,7879
9327.938,20.486,14.451,7.868,12000,17.110,7879
9336.883,20.486,14.440,7.857,12000,17.110,7879
9350.079,20.499,14.451,7.857,12000,17.110,7879
9360.444,20.499,14.451,7.857,12000,17.110,7881
9370.969,20.499,14.451,7.868,12000,17.110,7881
9385.954,20.503,14.451,7.868,12000,17.110,7881
9395.877,20.503,14.451,7.868,12000,17.110,7881
9406.014,20.503,14.440,7.868,12000,17.110,7881
9415.538,20.503,14.440,7.868,12000,17.110,7881
9424.774,20.503,14.451,7.868,12000,17.110,7881
9436.245,20.503,14.440,7.868,12000,17.110,7881
9445.958,20.503,14.440,7.868,12000,17.110,7884
9454.890,20.499,14.440,7.868,12000,17.110,7884
9471.157,20.499,14.440,7.868,12000,17.110,7884
9486.889,20.499,14.451,7.857,12000,17.110,7884
9494.959,20.494,14.451,7.857,12000,17.110,7884
9505.104,20.494,14.451,7.868,12000,17.110,7884
9516.640,20.494,14.440,7.857,12000,17.110,7884
9527.232,20.494,14.440,7.857,12000,17.110,7884
9537.183,20.494,14.440,7.868,12000,17.110,7886
9549.846,20.494,14.440,7.879,12000,17.110,7886
9559.899,20.481,14.440,7.857,12000,17.110,7886
9569.892,20.481,14.440,7.857,12000,17.110,7886
9580.297,20.481,14.440,7.868,12000,17.110,7886
9591.686,20.477,14.440,7.868,12000,17.110,7886
9601.874,20.477,14.440,7.868,12000,17.110,7886
9610.008,20.477,14.440,7.868,12000,17.110,7886
9620.932,20.477,14.440,7.868,12000,17.110,7886
9630.299,20.477,14.440,7.868,12000,17.110,7885
9640.768,20.477,14.440,7.868,12000,17.110,7885
9649.196,20.481,14.440,7.868,12000,17.110,7885
9658.341,20.481,14.440,7.868,12000,17.110,7885
9666.265,20.481,14.440,7.868,12000,17.110,7885
9677.039,20.481,14.440,7.868,12000,17.110,7885
9687.021,20.472,14.440,7.868,12000,17.099,7885
9697.047,20.472,14.440,7.868,12000,17.099,7885
9708.179,20.472,14.440,7.868,12000,17.099,7885
9719.346,20.472,14.440,7.857,12000,17.110,7882
9731.176,20.472,14.440,7.857,12000,17.110,7882
9743.970,20.472,14.451,7.857,12000,17.110,7882
9752.903,20.467,14.440,7.868,12000,17.110,7882
9761.925,20.467,14.440,7.868,12000,17.110,7882
9771.015,20.467,14.440,7.868,12000,17.110,7882
9780.245,20.467,14.440,7.868,12000,17.110,7882
9791.817,20.472,14.440,7.868,12000,17.110,7882
9800.783,20.472,14.440,7.868,12000,17.110,7882
9809.973,20.472,14.440,7.868,12000,17.110,7880
9818.916,20.472,14.440,7.868,12000,17.110,7880
9828.021,20.472,14.429,7.879,12000,17.110,7880
9838.019,20.472,14.429,7.868,12000,17.099,7880
9846.982,20.467,14.440,7.868,12000,17.110,7880
9855.189,20.467,14.440,7.868,12000,17.110,7880
9864.159,20.467,14.440,7.868,12000,17.110,7880
9879.079,20.467,14.440,7.868,12000,17.110,7880
9888.017,20.486,14.440,7.857,12000,17.099,7880
9900.110,20.486,14.440,7.868,12000,17.110,7881
9911.060,20.486,14.429,7.868,12000,17.110,7881
9920.947,20.486,14.429,7.868,12000,17.110,7881
9933.082,20.486,14.429,7.868,12000,17.099,7881
9944.968,20.486,14.429,7.868,12000,17.099,7881
9957.900,20.486,14.429,7.868,12000,17.110,7881
9970.047,20.486,14.429,7.868,12000,17.110,7881
9980.640,20.486,14.429,7.868,12000,17.110,7881
9995.970,20.472,14.429,7.879,12000,17.110,7884
10003.959,20.472,14.429,7.868,12000,17.110,7884
10016.010,20.472,14.429,7.868,4000,17.110,7884
10024.083,20.472,14.429,7.857,16000,17.110,7884
10033.053,20.472,14.429,7.857,16000,17.099,7884
10050.234,20.486,14.429,7.505,16000,17.132,7884
10060.054,20.486,14.418,7.505,16000,17.187,7884
10071.036,20.486,14.418,7.967,16000,16.923,7884
10082.711,20.486,13.956,9.176,16000,16.637,7880
10102.921,20.486,13.879,10.275,16000,16.165,7880
10125.979,20.486,13.978,9.835,16000,15.670,7880
10134.985,20.486,13.978,9.835,16000,15.363,7880
10145.991,20.486,13.978,9.879,16000,14.714,7880
10160.136,20.486,13.934,9.901,16000,14.462,7880
10169.926,20.486,13.967,9.978,16000,14.231,8202
10181.104,20.486,13.989,9.978,16000,14.088,8202
10191.296,20.476,14.077,9.978,16000,14.022,8202
10202.033,20.476,14.077,9.956,16000,13.989,8202
10213.007,20.476,14.077,9.956,16000,14.033,8202
10220.941,20.476,14.198,10.044,16000,14.110,8202
10230.213,20.476,14.198,10.044,16000,14.220,8202
10242.566,20.476,14.253,10.044,16000,14.330,8202
10257.692,20.476,14.275,10.187,16000,14.505,9000
10265.795,20.476,14.275,10.132,16000,14.692,9000
10274.327,20.476,14.319,10.022,16000,14.846,9000
10283.661,20.476,14.319,10.022,16000,14.967,9000
10291.071,20.481,14.330,9.780,16000,15.066,9000
10304.005,20.481,14.352,9.780,16000,15.143,9000
10314.088,20.481,14.363,9.780,16000,15.165,9000
10325.806,20.481,14.363,9.714,16000,15.165,9000
10335.095,20.481,14.363,9.714,16000,15.176,9000
10348.766,20.481,14.319,9.714,16000,15.143,6059
10360.158,20.472,14.319,9.714,16000,15.077,6059
10369.023,20.472,14.319,9.868,16000,14.945,6059
10384.836,20.472,14.308,9.868,16000,14.890,6059
10399.932,20.467,14.319,9.846,16000,14.813,6059
10410.131,20.467,14.319,9.846,16000,14.802,6059
10420.151,20.467,14.341,9.846,16000,14.791,6059
10433.212,20.467,14.341,9.846,16000,14.780,7199
10443.594,20.467,14.341,9.868,16000,14.780,7199
10452.050,20.472,14.341,9.868,16000,14.780,7199
10461.962,20.472,14.341,9.879,16000,14.791,7199
10473.706,20.472,14.352,9.879,16000,14.802,7199
10481.189,20.472,14.352,9.879,16000,14.802,7199
10490.852,20.472,14.341,9.890,16000,14.802,7199
10505.105,20.472,14.341,9.890,16000,14.824,7199
10514.207,20.472,14.341,9.879,16000,14.824,7199
10526.041,20.472,14.341,9.879,16000,14.813,7903
10536.034,20.472,14.341,9.879,16000,14.813,7903
10549.029,20.472,14.341,9.879,16000,14.813,7903
10556.545,20.472,14.341,9.879,16000,14.802,7903
10564.157,20.472,14.341,9.879,16000,14.802,7903
10574.375,20.472,14.341,9.879,16000,14.791,7903
10582.918,20.472,14.341,9.879,16000,14.780,7903
10591.354,20.472,14.341,9.868,16000,14.780,7903
10598.992,20.472,14.341,9.868,16000,14.780,7903
10607.510,20.472,14.341,9.857,16000,14.780,7903
10615.730,20.472,14.341,9.857,16000,14.780,7509
10624.031,20.472,14.341,9.857,16000,14.780,7509
10633.096,20.472,14.341,9.857,16000,14.780,7509
10647.570,20.472,14.341,9.868,16000,14.780,7509
10657.233,20.472,14.341,9.868,16000,14.791,7509
10670.999,20.472,14.341,9.857,16000,14.802,7509
10680.266,20.472,14.341,9.857,16000,14.802,7509
10693.143,20.481,14.341,9.846,16000,14.802,7509
10711.994,20.481,14.341,9.846,16000,14.802,7588
10724.368,20.481,14.341,9.846,16000,14.813,7588
10733.066,20.481,14.341,9.835,16000,14.813,7588
10742.918,20.481,14.341,9.835,16000,14.813,7588
10757.113,20.481,14.341,9.835,16000,14.791,7588
10768.934,20.481,14.341,9.835,16000,14.791,7588
10779.071,20.481,14.341,9.835,16000,14.791,7588
10789.493,20.476,14.341,9.835,16000,14.791,7588
10799.039,20.476,14.341,9.835,16000,14.802,7600
10809.303,20.476,14.341,9.824,16000,14.802,7600
10819.079,20.476,14.330,9.824,16000,14.802,7600
10828.919,20.476,14.330,9.824,16000,14.802,7600
10837.848,20.476,14.330,9.824,16000,14.802,7600
10849.729,20.476,14.330,9.824,16000,14.802,7600
10859.867,20.481,14.330,9.835,16000,14.802,7600
10877.829,20.481,14.330,9.846,16000,14.791,7600
10892.251,20.481,14.330,9.835,16000,14.791,7605
10904.024,20.481,14.330,9.835,16000,14.791,7605
10914.156,20.481,14.330,9.846,16000,14.791,7605
10927.059,20.481,14.330,9.846,16000,14.791,7605
10937.110,20.481,14.330,9.846,16000,14.791,7605
10950.082,20.472,14.330,9.846,16000,14.791,7605
10962.083,20.472,14.330,9.846,16000,14.791,7605
10974.199,20.472,14.330,9.846,16000,14.791,7624
10985.986,20.472,14.330,9.835,16000,14.791,7624
11000.197,20.463,14.330,9.835,16000,14.791,7624
11012.048,20.463,14.330,9.835,16000,14.791,7624
11024.256,20.463,14.330,9.835,16000,14.791,7624
11037.339,20.463,14.330,9.846,16000,14.791,7624
11052.431,20.481,14.330,9.835,16000,14.791,7624
11066.253,20.481,14.330,9.835,16000,14.802,7678
11074.084,20.481,14.330,9.835,16000,14.802,7678
11082.338,20.481,14.319,9.835,16000,14.791,7678
11096.228,20.476,14.319,9.835,16000,14.802,7678
11119.217,20.476,14.330,9.846,16000,14.802,7678
11133.990,20.476,14.330,9.846,16000,14.802,7678
11143.062,20.476,14.330,9.846,16000,14.802,7678
11151.486,20.458,14.330,9.846,16000,14.802,7718
11160.018,20.458,14.319,9.846,16000,14.791,7718
11169.060,20.458,14.319,9.846,16000,14.791,7718
11179.369,20.458,14.330,9.846,16000,14.791,7718
11188.092,20.472,14.319,9.846,16000,14.802,7718
11196.333,20.472,14.319,9.846,16000,14.802,7718
11207.523,20.472,14.319,9.846,16000,14.791,7718
11225.558,20.472,14.319,9.846,16000,14.802,7718
11237.527,20.472,14.319,9.846,16000,14.791,7718
11249.202,20.472,14.319,9.857,16000,14.791,7743
11259.578,20.464,14.319,9.857,16000,14.802,7743
11273.440,20.464,14.330,9.857,16000,14.802,7743
11281.939,20.464,14.330,9.857,16000,14.791,7743
11290.008,20.450,14.330,9.857,16000,14.791,7743
11298.073,20.450,14.330,9.857,16000,14.791,7743
11305.109,20.450,14.330,9.846,16000,14.791,7743
11312.995,20.450,14.330,9.846,16000,14.791,7743
11323.298,20.450,14.330,9.846,16000,14.791,7743
11333.457,20.450,14.330,9.846,16000,14.791,7769
11342.045,20.450,14.319,9.846,16000,14.791,7769
11351.006,20.467,14.319,9.857,16000,14.791,7769
11361.988,20.467,14.319,9.857,16000,14.791,7769
11370.954,20.467,14.319,9.857,16000,14.791,7769
11380.151,20.467,14.319,9.857,16000,14.791,7769
11395.125,20.467,14.319,9.857,16000,14.791,7769
11404.190,20.467,14.319,9.857,16000,14.791,7769
11418.117,20.467,14.319,9.857,16000,14.791,7769
11425.056,20.467,14.319,9.846,16000,14.791,7791
11439.214,20.467,14.319,9.846,16000,14.791,7791
11449.065,20.458,14.330,9.846,16000,14.791,7791
11460.733,20.458,14.319,9.846,16000,14.791,7791
11468.172,20.458,14.319,9.846,16000,14.791,7791
11478.264,20.458,14.319,9.846,16000,14.791,7791
11486.881,20.467,14.319,9.846,16000,14.791,7791
11495.161,20.467,14.319,9.846,16000,14.791,7791
11503.942,20.467,14.319,9.846,16000,14.791,7791
11511.029,20.467,14.319,9.846,16000,14.791,7803
11525.181,20.467,14.319,9.846,16000,14.791,7803
11533.086,20.467,14.319,9.846,16000,14.791,7803
11541.898,20.467,14.319,9.846,16000,14.802,7803
11549.901,20.472,14.319,9.846,16000,14.791,7803
11560.125,20.472,14.319,9.846,16000,14.791,7803
11569.820,20.472,14.319,9.846,16000,14.791,7803
11578.157,20.472,14.308,9.846,16000,14.791,7803
11589.138,20.476,14.308,9.846,16000,14.791,7803
11598.935,20.476,14.319,9.857,16000,14.791,7807
11607.992,20.476,14.308,9.857,16000,14.791,7807
11620.595,20.476,14.319,9.846,16000,14.791,7807
11631.847,20.476,14.319,9.846,16000,14.791,7807
11642.063,20.476,14.319,9.846,16000,14.791,7807
11656.058,20.476,14.319,9.846,16000,14.791,7807
11666.034,20.476,14.319,9.846,16000,14.791,7807
11678.234,20.476,14.319,9.846,16000,14.791,7807
11690.010,20.472,14.308,9.835,16000,14.791,7813
11703.597,20.472,14.308,9.835,16000,14.791,7813
11713.891,20.472,14.319,9.846,16000,14.791,7813
11725.019,20.472,14.319,9.846,16000,14.780,7813
11733.969,20.472,14.319,9.846,16000,14.780,7813
11743.821,20.472,14.319,9.846,16000,14.780,7813
11751.283,20.467,14.319,9.846,16000,14.780,7813
11761.345,20.467,14.319,9.835,16000,14.780,7813
11771.206,20.467,14.319,9.835,16000,14.780,7813
11778.282,20.467,14.319,9.835,16000,14.780,7813
11787.269,20.477,14.319,9.835,16000,14.780,7818
11795.202,20.477,14.319,9.835,16000,14.780,7818
11803.685,20.477,14.319,9.835,16000,14.780,7818
11811.713,20.477,14.319,9.846,16000,14.780,7818
11819.787,20.477,14.308,9.846,16000,14.780,7818
11830.167,20.477,14.319,9.846,16000,14.780,7818
11840.024,20.477,14.319,9.846,16000,14.780,7818
11849.200,20.481,14.319,9.846,16000,14.780,7818
11860.071,20.481,14.319,9.846,16000,14.780,7818
11869.729,20.481,14.319,9.846,16000,14.769,7821
11881.993,20.481,14.308,9.846,16000,14.769,7821
11892.068,20.481,14.308,9.846,16000,14.769,7821
11904.305,20.481,14.308,9.846,16000,14.769,7821
11913.894,20.481,14.308,9.846,16000,14.769,7821
11929.050,20.481,14.308,9.846,16000,14.769,7821
11945.431,20.481,14.308,9.846,16000,14.769,7821
11953.245,20.481,14.308,9.846,16000,14.769,7821
11961.984,20.481,14.308,9.846,16000,14.769,7821
11971.184,20.481,14.308,9.846,16000,14.769,7821
11981.949,20.481,14.308,9.846,16000,14.769,7821
11991.090,20.476,14.308,9.846,16000,14.769,7821
12000.116,20.476,14.308,9.846,16000,14.769,7821
12008.858,20.476,14.308,9.846,16000,14.769,7821
12020.166,20.476,14.308,9.846,16000,14.769,7821
12036.314,20.476,14.308,9.846,16000,14.769,7821
12045.757,20.476,14.308,9.846,16000,14.758,7821
12055.079,20.472,14.297,9.846,16000,14.758,7818
12066.077,20.472,14.297,9.857,16000,14.758,7818
12076.221,20.472,14.297,9.857,16000,14.758,7818
12087.344,20.472,14.297,9.857,16000,14.758,7818
12095.379,20.472,14.308,9.857,16000,14.758,7818
12106.020,20.472,14.308,9.857,16000,14.758,7818
12117.025,20.472,14.308,9.857,16000,14.758,7818
12126.121,20.472,14.308,9.857,16000,14.758,7818
12137.858,20.472,14.308,9.857,16000,14.758,7813
12146.939,20.472,14.308,9.857,16000,14.758,7813
12153.953,20.472,14.297,9.846,16000,14.758,7813
12160.937,20.472,14.297,9.846,16000,14.758,7813
12167.995,20.472,14.297,9.846,16000,14.758,7813
12175.025,20.472,14.297,9.846,16000,14.758,7813
12183.006,20.472,14.297,9.846,16000,14.758,7813
12189.960,20.472,14.297,9.846,16000,14.758,7813
12196.987,20.472,14.297,9.846,16000,14.758,7813
12205.153,20.472,14.297,9.857,16000,14.758,7813
12213.057,20.472,14.297,9.857,16000,14.758,7813
12221.005,20.472,14.308,9.857,16000,14.758,7813
12228.075,20.472,14.308,9.846,16000,14.758,7812
12236.029,20.472,14.308,9.846,16000,14.758,7812
12243.886,20.472,14.308,9.846,16000,14.758,7812
12251.339,20.481,14.308,9.857,16000,14.758,7812
12260.928,20.481,14.308,9.857,16000,14.758,7812
12269.874,20.481,14.308,9.857,16000,14.758,7812
12278.925,20.481,14.297,9.857,16000,14.758,7812
12287.911,20.476,14.297,9.857,16000,14.758,7812
12298.671,20.476,14.297,9.857,16000,14.758,7812
12305.917,20.476,14.297,9.857,16000,14.758,7812
12316.317,20.476,14.297,9.857,16000,14.758,7812
12327.938,20.476,14.297,9.846,16000,14.758,7814
12337.823,20.476,14.308,9.846,16000,14.758,7814
12345.910,20.476,14.308,9.846,16000,14.758,7814
12356.086,20.476,14.297,9.846,16000,14.747,7814
12365.729,20.476,14.286,9.846,16000,14.758,7814
12377.166,20.476,14.286,9.846,16000,14.758,7814
12385.104,20.481,14.286,9.846,16000,14.758,7814
12399.112,20.481,14.297,9.846,16000,14.758,7814
12407.316,20.481,14.297,9.846,16000,14.747,7814
12415.536,20.481,14.297,9.846,16000,14.747,7814
12424.157,20.481,14.297,9.846,16000,14.758,7814
12433.463,20.481,14.297,9.846,16000,14.747,7814
12443.097,20.481,14.297,9.846,16000,14.747,7814
12454.913,20.490,14.297,9.846,16000,14.747,7814
12465.492,20.490,14.308,9.846,16000,14.747,7814
12477.489,20.490,14.297,9.846,16000,14.758,7814
12486.924,20.490,14.297,9.846,16000,14.747,7814
12496.876,20.490,14.297,9.846,16000,14.747,7814
12505.228,20.490,14.297,9.846,16000,14.758,7813
12513.929,20.490,14.297,9.846,16000,14.747,7813
12524.550,20.490,14.297,9.846,16000,14.747,7813
12541.043,20.490,14.297,9.846,16000,14.747,7813
12551.921,20.476,14.297,9.846,16000,14.747,7813
12560.898,20.476,14.297,9.846,16000,14.747,7813
12569.876,20.476,14.297,9.846,16000,14.747,7813
12577.859,20.476,14.297,9.846,16000,14.736,7813
12587.832,20.481,14.297,9.846,16000,14.736,7811
12595.874,20.481,14.297,9.846,16000,14.736,7811
12605.276,20.481,14.297,9.846,16000,14.736,7811
12615.513,20.481,14.297,9.846,16000,14.736,7811
12624.700,20.481,14.286,9.846,16000,14.747,7811
12632.877,20.481,14.286,9.846,16000,14.736,7811
12640.959,20.481,14.286,9.846,16000,14.736,7811
12649.627,20.477,14.286,9.846,16000,14.736,7811
12658.985,20.477,14.286,9.846,16000,14.736,7811
12668.838,20.477,14.286,9.846,16000,14.736,7811
12676.952,20.477,14.286,9.846,16000,14.736,7812
12685.881,20.477,14.297,9.846,16000,14.736,7812
12702.025,20.477,14.286,9.846,16000,14.736,7812
12710.960,20.477,14.286,9.846,16000,14.736,7812
12720.978,20.477,14.286,9.846,16000,14.736,7812
12730.222,20.477,14.286,9.846,16000,14.736,7812
12740.566,20.477,14.286,9.846,16000,14.736,7812
12751.949,20.477,14.286,9.846,16000,14.736,7812
12763.215,20.477,14.286,9.846,16000,14.736,7812
12774.855,20.477,14.286,9.846,16000,14.736,7811
12792.852,20.467,14.286,9.846,16000,14.736,7811
12803.981,20.467,14.286,9.846,16000,14.736,7811
12812.032,20.467,14.286,9.846,16000,14.736,7811
12824.466,20.467,14.286,9.846,16000,14.736,7811
12832.947,20.467,14.286,9.846,16000,14.725,7811
12840.940,20.467,14.286,9.846,16000,14.725,7811
12851.078,20.472,14.286,9.846,16000,14.725,7811
12861.847,20.472,14.286,9.846,16000,14.725,7812
12870.888,20.472,14.286,9.846,16000,14.725,7812
12885.956,20.472,14.286,9.846,16000,14.725,7812
12899.569,20.472,14.286,9.846,16000,14.725,7812
12907.766,20.472,14.286,9.846,16000,14.725,7812
12916.648,20.472,14.275,9.846,16000,14.725,7812
12926.888,20.472,14.275,9.846,16000,14.725,7812
12936.898,20.472,14.275,9.846,16000,14.725,7812
12952.267,20.472,14.286,9.835,16000,14.725,7813
12962.988,20.472,14.286,9.835,16000,14.725,7813
12972.382,20.472,14.286,9.835,16000,14.725,7813
12990.157,20.472,14.286,9.835,16000,14.725,7813
12999.342,20.472,14.286,9.846,16000,14.725,7813
13011.071,20.472,14.286,9.857,16000,14.725,7813
13019.975,20.472,14.286,9.857,16000,14.725,7813
13028.949,20.472,14.286,9.857,16000,14.725,7813
13042.935,20.472,14.275,9.846,16000,14.725,7814
13052.970,20.472,14.275,9.846,16000,14.725,7814
13065.211,20.472,14.275,9.857,16000,14.725,7814
13078.184,20.472,14.275,9.857,16000,14.725,7814
13085.979,20.458,14.286,9.857,16000,14.725,7814
13101.869,20.458,14.275,9.857,16000,14.725,7814
13124.971,20.458,14.275,9.846,16000,14.725,7814
13135.884,20.458,14.275,9.857,16000,14.714,7813
13153.857,20.458,14.275,9.857,16000,14.714,7813
13160.938,20.454,14.275,9.857,16000,14.714,7813
13169.943,20.454,14.275,9.857,16000,14.714,7813
13179.070,20.454,14.275,9.857,16000,14.714,7813
13186.873,20.467,14.275,9.846,16000,14.725,7813
13197.479,20.467,14.275,9.846,16000,14.714,7813
13208.097,20.467,14.275,9.846,16000,14.725,7813
13218.886,20.467,14.275,9.846,16000,14.714,7812
13227.904,20.467,14.275,9.846,16000,14.725,7812
13243.247,20.467,14.275,9.846,16000,14.714,7812
13251.937,20.476,14.275,9.846,16000,14.714,7812
13261.927,20.476,14.275,9.846,16000,14.714,7812
13273.900,20.476,14.275,9.846,16000,14.714,7812
13281.879,20.476,14.275,9.846,16000,14.714,7812
13294.142,20.467,14.275,9.846,16000,14.714,7812
13303.974,20.467,14.275,9.846,16000,14.714,7812
13312.918,20.467,14.275,9.857,16000,14.714,7810
13322.340,20.467,14.275,9.857,16000,14.714,7810
13334.955,20.467,14.275,9.857,16000,14.714,7810
13344.942,20.467,14.275,9.846,16000,14.714,7810
13357.954,20.463,14.286,9.857,16000,14.714,7810
13369.955,20.463,14.275,9.857,16000,14.714,7810
13382.070,20.463,14.275,9.846,16000,14.714,7810
13391.079,20.476,14.275,9.846,16000,14.714,7810
13400.894,20.476,14.275,9.857,16000,14.714,7807
13415.453,20.476,14.275,9.857,16000,14.714,7807
13424.454,20.476,14.275,9.857,16000,14.714,7807
13435.361,20.476,14.275,9.846,16000,14.714,7807
13444.924,20.476,14.275,9.846,16000,14.714,7807
13453.884,20.472,14.275,9.846,16000,14.714,7807
13465.985,20.472,14.275,9.846,16000,14.714,7807
13480.181,20.472,14.275,9.835,16000,14.714,7807
13488.018,20.467,14.275,9.835,16000,14.714,7808
13496.999,20.467,14.275,9.835,16000,14.714,7808
13507.951,20.467,14.275,9.846,16000,14.714,7808
13516.274,20.467,14.275,9.846,16000,14.703,7808
13527.117,20.467,14.275,9.846,16000,14.703,7808
13536.878,20.467,14.275,9.846,16000,14.703,7808
13551.170,20.472,14.275,9.857,16000,14.703,7808
13561.966,20.472,14.275,9.857,16000,14.714,7808
13574.429,20.472,14.275,9.857,16000,14.714,7808
13584.932,20.472,14.275,9.846,16000,14.703,7810
13594.919,20.481,14.275,9.846,16000,14.703,7810
13603.136,20.481,14.275,9.846,16000,14.703,7810
13613.195,20.481,14.275,9.846,16000,14.703,7810
13622.561,20.481,14.275,9.846,16000,14.703,7810
13633.035,20.481,14.264,9.846,16000,14.703,7810
13643.342,20.481,14.264,9.846,16000,14.703,7810
13652.954,20.486,14.275,9.846,16000,14.703,7810
13662.882,20.486,14.264,9.846,16000,14.703,7810
13672.443,20.486,14.264,9.835,16000,14.703,7810
13682.312,20.476,14.264,9.835,16000,14.703,7810
13692.023,20.476,14.264,9.835,16000,14.703,7810
13702.012,20.476,14.275,9.846,16000,14.703,7810
13713.985,20.476,14.264,9.846,16000,14.703,7810
13729.205,20.476,14.264,9.846,16000,14.703,7810
13736.959,20.476,14.264,9.846,16000,14.703,7810
13747.558,20.472,14.264,9.846,16000,14.703,7810
13757.370,20.472,14.264,9.846,16000,14.703,7810
13768.088,20.472,14.264,9.846,16000,14.703,7810
13778.429,20.472,14.264,9.846,16000,14.703,7810
13788.173,20.481,14.264,9.846,16000,14.714,7810
13801.342,20.481,14.264,9.857,16000,14.703,7810
13818.999,20.481,14.264,9.857,16000,14.703,7810
13825.980,20.481,14.264,9.846,16000,14.714,7810
13835.196,20.481,14.264,9.846,16000,14.703,7810
13844.992,20.481,14.264,9.857,16000,14.703,7809
13853.963,20.481,14.275,9.857,16000,14.703,7809
13864.165,20.481,14.264,9.857,16000,14.714,7809
13878.098,20.481,14.264,9.846,16000,14.703,7809
13888.015,20.476,14.264,9.846,16000,14.703,7809
13905.123,20.476,14.264,9.835,16000,14.714,7809
13914.062,20.476,14.264,9.835,16000,14.714,7809
13924.087,20.476,14.275,9.835,16000,14.703,7809
13932.924,20.476,14.264,9.835,16000,14.703,7809
13941.478,20.476,14.264,9.835,16000,14.703,7809
13952.096,20.467,14.264,9.835,16000,14.692,7809
13960.991,20.467,14.264,9.835,16000,14.692,7809
13975.062,20.467,14.264,9.846,16000,14.703,7809
13985.992,20.463,14.264,9.846,16000,14.703,7809
13993.900,20.463,14.264,9.846,16000,14.703,7809
14001.901,20.463,14.253,9.846,16000,14.692,7809
14009.905,20.463,14.253,9.846,16000,14.692,7809
14018.189,20.463,14.253,9.846,16000,14.692,7809
14027.905,20.463,14.264,9.846,16000,14.692,7809
14036.982,20.463,14.264,9.846,16000,14.692,7809
14046.188,20.463,14.264,9.846,16000,14.692,7809
14062.287,20.467,14.264,9.846,16000,14.703,7809
14072.354,20.467,14.264,9.846,16000,14.692,7809
14085.163,20.463,14.264,9.846,16000,14.692,7809
14095.969,20.463,14.264,9.846,16000,14.692,7809
14105.201,20.463,14.264,9.846,16000,14.692,7809
14114.045,20.463,14.264,9.846,16000,14.692,7810
14129.711,20.463,14.264,9.846,16000,14.692,7810
14143.162,20.463,14.264,9.835,16000,14.692,7810
14151.149,20.481,14.264,9.835,16000,14.692,7810
14162.943,20.481,14.264,9.846,16000,14.692,7810
14172.088,20.481,14.264,9.846,16000,14.703,7810
14180.466,20.481,14.264,9.846,16000,14.692,7810
14189.298,20.481,14.264,9.857,16000,14.692,7810
14198.401,20.481,14.264,9.857,16000,14.692,7810
14208.220,20.481,14.264,9.857,16000,14.692,7809
14215.596,20.481,14.264,9.846,16000,14.692,7809
14224.275,20.481,14.264,9.846,16000,14.692,7809
14233.056,20.481,14.264,9.846,16000,14.703,7809
14245.091,20.481,14.264,9.846,16000,14.692,7809
14252.998,20.455,14.264,9.846,16000,14.692,7809
14262.055,20.455,14.264,9.846,16000,14.692,7809
14272.484,20.455,14.264,9.846,16000,14.692,7809
14282.587,20.455,14.264,9.846,16000,14.692,7809
14293.076,20.464,14.264,9.846,16000,14.692,7809
14302.096,20.464,14.253,9.846,16000,14.681,7806
14315.740,20.464,14.253,9.846,16000,14.692,7806
14324.631,20.464,14.253,9.846,16000,14.692,7806
14332.670,20.464,14.253,9.846,16000,14.681,7806
14343.113,20.464,14.253,9.857,16000,14.681,7806
14354.270,20.481,14.253,9.857,16000,14.692,7806
14363.136,20.481,14.253,9.857,16000,14.692,7806
14375.182,20.481,14.253,9.846,16000,14.681,7806
14384.922,20.481,14.253,9.846,16000,14.681,7805
14396.978,20.481,14.253,9.846,16000,14.681,7805
14405.275,20.481,14.253,9.846,16000,14.681,7805
14416.286,20.481,14.253,9.835,16000,14.681,7805
14426.120,20.481,14.253,9.835,16000,14.681,7805
14435.340,20.481,14.253,9.835,16000,14.681,7805
14444.109,20.481,14.253,9.835,16000,14.681,7805
14453.163,20.481,14.253,9.835,16000,14.681,7805
14461.950,20.481,14.253,9.835,16000,14.681,7805
14476.547,20.481,14.253,9.835,16000,14.681,7805
14487.126,20.481,14.253,9.846,16000,14.681,7805
14497.178,20.481,14.253,9.846,16000,14.681,7805
14505.229,20.481,14.253,9.846,16000,14.681,7805
14516.024,20.481,14.264,9.846,16000,14.681,7805
14525.638,20.481,14.253,9.846,16000,14.681,7805
14536.106,20.481,14.253,9.835,16000,14.681,7805
14545.966,20.481,14.253,9.835,16000,14.681,7805
14557.763,20.472,14.253,9.846,16000,14.681,7805
14574.012,20.472,14.253,9.846,16000,14.681,7803
14583.149,20.472,14.253,9.846,16000,14.681,7803
14592.993,20.472,14.253,9.846,16000,14.681,7803
14601.175,20.472,14.253,9.846,16000,14.681,7803
14611.185,20.472,14.242,9.846,16000,14.681,7803
14619.935,20.472,14.253,9.846,16000,14.681,7803
14628.962,20.472,14.253,9.846,16000,14.681,7803
14638.175,20.472,14.253,9.846,16000,14.681,7803
14649.626,20.476,14.253,9.846,16000,14.681,7803
14658.317,20.476,14.253,9.857,16000,14.681,7802
14669.096,20.476,14.253,9.857,16000,14.681,7802
14679.182,20.476,14.242,9.857,16000,14.681,7802
14688.132,20.472,14.242,9.857,16000,14.681,7802
14697.635,20.472,14.242,9.857,16000,14.681,7802
14707.677,20.472,14.242,9.846,16000,14.681,7802
14720.199,20.472,14.242,9.846,16000,14.681,7802
14729.194,20.472,14.242,9.846,16000,14.681,7802
14743.548,20.472,14.242,9.846,16000,14.681,7802
14755.585,20.472,14.253,9.857,16000,14.670,7802
14766.027,20.472,14.253,9.857,16000,14.670,7802
14774.311,20.472,14.253,9.857,16000,14.670,7802
14785.166,20.472,14.253,9.857,16000,14.681,7802
14795.091,20.476,14.253,9.857,16000,14.670,7802
14804.159,20.476,14.253,9.846,16000,14.670,7802
14820.072,20.476,14.242,9.846,16000,14.670,7802
14829.134,20.476,14.242,9.857,16000,14.670,7802
14839.418,20.476,14.242,9.857,16000,14.681,7800
14849.474,20.481,14.242,9.857,16000,14.670,7800
14860.210,20.481,14.242,9.857,16000,14.670,7800
14871.170,20.481,14.242,9.857,16000,14.681,7800
14882.758,20.481,14.242,9.846,16000,14.670,7800
14896.191,20.486,14.242,9.846,16000,14.670,7800
14911.012,20.486,14.242,9.857,16000,14.670,7800
14920.136,20.486,14.242,9.857,16000,14.670,7800
14933.473,20.486,14.242,9.857,16000,14.670,7801
14945.198,20.486,14.242,9.857,16000,14.681,7801
14956.807,20.486,14.242,9.857,16000,14.670,7801
14969.622,20.486,14.242,9.857,16000,14.670,7801
14983.707,20.486,14.242,9.857,16000,14.670,7801
14994.106,20.476,14.253,9.857,16000,14.670,7801
15003.175,20.476,14.253,9.857,16000,14.670,7801
15014.274,20.476,14.253,9.857,4000,14.670,7801
15026.041,20.476,14.242,9.857,12000,14.681,7801
15037.013,20.476,14.242,9.857,12000,14.659,7801
15046.143,20.476,14.242,9.857,12000,14.670,7801
15055.466,20.472,14.242,9.011,12000,14.769,7801
15063.200,20.472,14.242,9.011,12000,14.912,7801
15080.224,20.472,14.242,7.945,12000,15.286,7801
15091.398,20.535,14.242,7.945,12000,15.560,7801
15107.509,20.535,14.231,7.385,12000,15.868,7736
15119.254,20.535,14.242,7.385,12000,16.198,7736
15130.214,20.535,14.242,7.462,12000,16.868,7736
15142.202,20.535,14.231,7.593,12000,17.121,7736
15156.834,20.543,14.231,7.637,12000,17.418,7736
15168.128,20.543,14.231,7.637,12000,17.484,7736
15177.229,20.543,14.231,7.582,12000,17.495,7736
15185.160,20.486,14.231,7.582,12000,17.473,7736
15194.179,20.486,14.231,7.549,12000,17.341,6569
15204.218,20.486,14.242,7.407,12000,17.231,6569
15220.188,20.486,14.176,7.648,12000,16.824,6569
15237.827,20.486,14.143,7.648,12000,16.659,6569
15254.136,20.481,14.132,7.736,12000,16.451,6569
15263.124,20.481,14.165,7.747,12000,16.407,6569
15274.445,20.481,14.165,7.747,12000,16.396,6569
15284.141,20.499,14.176,7.747,12000,16.396,7720
15293.268,20.499,14.198,7.846,12000,16.396,7720
15304.125,20.499,14.198,7.846,12000,16.527,7720
15313.129,20.499,14.231,7.857,12000,16.571,7720
15326.712,20.499,14.231,8.000,12000,16.648,7720
15335.191,20.499,14.231,8.000,12000,16.714,7720
15346.148,20.499,14.231,7.978,12000,16.758,7720
15355.456,20.503,14.231,7.978,12000,16.780,7720
15363.450,20.503,14.220,7.967,12000,16.791,7720
15375.510,20.503,14.220,7.802,12000,16.802,8389
15385.251,20.472,14.231,7.769,12000,16.813,8389
15398.604,20.472,14.231,7.714,12000,16.780,8389
15411.064,20.472,14.231,7.714,12000,16.769,8389
15420.175,20.472,14.231,7.703,12000,16.769,8389
15428.172,20.472,14.220,7.692,12000,16.758,8389
15438.229,20.472,14.209,7.703,12000,16.747,8389
15449.528,20.472,14.209,7.769,12000,16.747,8389
15458.802,20.472,14.220,7.769,12000,16.747,8389
15468.289,20.472,14.220,7.824,12000,16.758,6794
15478.354,20.472,14.231,7.835,12000,16.780,6794
15487.176,20.490,14.220,7.846,12000,16.780,6794
15496.240,20.490,14.220,7.846,12000,16.780,6794
15508.525,20.490,14.220,7.846,12000,16.769,6794
15521.139,20.490,14.220,7.835,12000,16.747,6794
15533.384,20.490,14.220,7.835,12000,16.736,6794
15544.262,20.490,14.220,7.835,12000,16.736,6794
15554.230,20.486,14.220,7.835,12000,16.736,7627
15564.457,20.486,14.220,7.846,12000,16.747,7627
15574.290,20.486,14.220,7.846,12000,16.758,7627
15590.823,20.486,14.231,7.846,12000,16.769,7627
15599.237,20.490,14.220,7.846,12000,16.769,7627
15607.770,20.490,14.220,7.846,12000,16.769,7627
15615.716,20.490,14.220,7.846,12000,16.769,7627
15624.148,20.490,14.231,7.846,12000,16.769,7627
15635.318,20.490,14.231,7.857,12000,16.769,7627
15645.171,20.490,14.220,7.857,12000,16.769,7544
15655.711,20.476,14.231,7.857,12000,16.769,7544
15666.388,20.476,14.231,7.857,12000,16.769,7544
15676.356,20.476,14.231,7.857,12000,16.758,7544
15687.185,20.476,14.231,7.857,12000,16.747,7544
15697.348,20.476,14.231,7.857,12000,16.747,7544
15707.854,20.476,14.231,7.868,12000,16.736,7544
15716.334,20.476,14.220,7.857,12000,16.736,7544
15724.490,20.476,14.220,7.857,12000,16.736,7544
15733.364,20.476,14.220,7.868,12000,16.747,7596
15744.228,20.476,14.220,7.868,12000,16.758,7596
15754.169,20.481,14.220,7.868,12000,16.758,7596
15766.056,20.481,14.220,7.868,12000,16.769,7596
15778.490,20.481,14.231,7.879,12000,16.769,7596
15788.526,20.472,14.220,7.879,12000,16.769,7596
15797.300,20.472,14.220,7.879,12000,16.769,7596
15805.476,20.472,14.220,7.868,12000,16.769,7596
15813.410,20.472,14.220,7.868,12000,16.758,7596
15825.035,20.472,14.220,7.868,12000,16.758,7588
15840.406,20.472,14.220,7.868,12000,16.758,7588
15849.595,20.486,14.220,7.868,12000,16.769,7588
15860.156,20.486,14.209,7.879,12000,16.769,7588
15870.208,20.486,14.209,7.890,12000,16.758,7588
15885.258,20.486,14.209,7.890,12000,16.758,7588
15896.052,20.494,14.209,7.890,12000,16.758,7588
15905.872,20.494,14.209,7.890,12000,16.758,7588
15920.209,20.494,14.209,7.890,12000,16.747,7606
15930.375,20.494,14.220,7.901,12000,16.758,7606
15943.167,20.494,14.220,7.901,12000,16.758,7606
15953.231,20.486,14.220,7.901,12000,16.758,7606
15964.318,20.486,14.220,7.901,12000,16.758,7606
15975.155,20.486,14.220,7.901,12000,16.758,7606
15986.146,20.472,14.220,7.912,12000,16.758,7606
15995.345,20.472,14.220,7.912,12000,16.758,7606
16010.250,20.472,14.209,7.912,12000,16.758,7625
16021.063,20.472,14.209,7.912,12000,16.758,7625
16029.260,20.472,14.220,7.912,12000,16.758,7625
16041.831,20.472,14.220,7.912,12000,16.758,7625
16053.188,20.476,14.220,7.912,12000,16.758,7625
16061.254,20.476,14.209,7.912,12000,16.758,7625
16075.887,20.476,14.209,7.912,12000,16.758,7625
16084.184,20.481,14.209,7.923,12000,16.758,7625
16099.336,20.481,14.220,7.923,12000,16.758,7638
16108.433,20.481,14.209,7.923,12000,16.758,7638
16117.198,20.481,14.209,7.923,12000,16.758,7638
16126.208,20.481,14.220,7.901,12000,16.758,7638
16141.064,20.481,14.220,7.901,12000,16.758,7638
16154.254,20.476,14.209,7.901,12000,16.758,7638
16167.979,20.476,14.209,7.879,12000,16.758,7638
16176.147,20.476,14.220,7.868,12000,16.758,7638
16183.149,20.481,14.209,7.857,12000,16.758,7645
16191.141,20.481,14.209,7.857,12000,16.758,7645
16199.135,20.481,14.209,7.857,12000,16.758,7645
16206.181,20.481,14.209,7.857,12000,16.758,7645
16216.206,20.481,14.209,7.857,12000,16.758,7645
16226.449,20.481,14.209,7.868,12000,16.758,7645
16237.196,20.481,14.209,7.868,12000,16.758,7645
16248.172,20.481,14.209,7.879,12000,16.758,7645
16256.253,20.477,14.209,7.868,12000,16.758,7645
16266.083,20.477,14.209,7.879,12000,16.758,7645
16276.297,20.477,14.220,7.868,12000,16.758,7607
16284.301,20.477,14.220,7.868,12000,16.758,7607
16293.546,20.477,14.220,7.868,12000,16.758,7607
16304.312,20.477,14.209,7.868,12000,16.758,7607
16313.271,20.477,14.209,7.879,12000,16.758,7607
16322.391,20.477,14.209,7.879,12000,16.747,7607
16332.139,20.477,14.209,7.879,12000,16.758,7607
16342.637,20.477,14.209,7.879,12000,16.758,7607
16351.245,20.481,14.209,7.879,12000,16.758,7607
16361.066,20.481,14.209,7.879,12000,16.758,7525
16369.265,20.481,14.209,7.868,12000,16.758,7525
16382.230,20.481,14.209,7.879,12000,16.758,7525
16391.201,20.481,14.209,7.868,12000,16.758,7525
16404.191,20.481,14.209,7.879,12000,16.769,7525
16416.521,20.481,14.209,7.868,12000,16.758,7525
16432.330,20.481,14.209,7.857,12000,16.758,7525
16440.338,20.481,14.209,7.868,12000,16.758,7525
16449.105,20.481,14.209,7.868,12000,16.758,7525
16460.176,20.481,14.209,7.868,12000,16.758,7508
16492.080,20.481,14.209,7.868,12000,16.758,7508
16500.088,20.481,14.209,7.857,12000,16.758,7508
16507.988,20.481,14.209,7.857,12000,16.758,7508
16519.152,20.481,14.209,7.857,12000,16.758,7508
16529.170,20.481,14.209,7.868,12000,16.758,7508
16538.012,20.481,14.209,7.868,12000,16.758,7508
16550.000,20.481,14.209,7.868,12000,16.758,7488
16558.250,20.481,14.209,7.868,12000,16.758,7488
16566.453,20.481,14.209,7.857,12000,16.758,7488
16575.248,20.481,14.209,7.857,12000,16.758,7488
16582.627,20.486,14.209,7.857,12000,16.758,7488
16591.375,20.486,14.209,7.857,12000,16.758,7488
16603.162,20.486,14.209,7.868,12000,16.758,7488
16612.055,20.486,14.209,7.879,12000,16.758,7488
16621.277,20.486,14.209,7.879,12000,16.758,7488
16632.018,20.486,14.209,7.868,12000,16.758,7451
16641.262,20.486,14.209,7.868,12000,16.758,7451
16649.111,20.486,14.209,7.868,12000,16.758,7451
16658.260,20.486,14.209,7.868,12000,16.758,7451
16671.119,20.486,14.209,7.868,12000,16.758,7451
16683.369,20.486,14.209,7.868,12000,16.758,7451
16695.082,20.481,14.198,7.879,12000,16.758,7451
16704.439,20.481,14.198,7.868,12000,16.758,7451
16716.371,20.481,14.198,7.868,12000,16.769,7451
16726.213,20.481,14.209,7.868,12000,16.758,7449
16736.182,20.481,14.209,7.868,12000,16.758,7449
16747.832,20.481,14.198,7.879,12000,16.758,7449
16761.201,20.481,14.198,7.868,12000,16.769,7449
16771.355,20.481,14.198,7.868,12000,16.758,7449
16781.965,20.481,14.198,7.857,12000,16.758,7449
16792.279,20.486,14.209,7.857,12000,16.758,7449
16799.506,20.486,14.198,7.857,12000,16.758,7449
16810.195,20.486,14.198,7.868,12000,16.758,7450
16820.129,20.486,14.198,7.857,12000,16.758,7450
16829.238,20.486,14.198,7.857,12000,16.758,7450
16840.596,20.486,14.198,7.857,12000,16.758,7450
16854.238,20.486,14.198,7.857,12000,16.758,7450
16863.592,20.486,14.209,7.857,12000,16.758,7450
16875.715,20.486,14.198,7.857,12000,16.758,7450
16886.104,20.476,14.198,7.868,12000,16.758,7450
16896.154,20.476,14.198,7.868,12000,16.769,7450
16908.156,20.476,14.198,7.868,12000,16.758,7429
16921.191,20.476,14.198,7.879,12000,16.758,7429
16929.143,20.476,14.198,7.879,12000,16.758,7429
16952.053,20.476,14.209,7.868,12000,16.758,7429
16961.189,20.481,14.198,7.868,12000,16.758,7429
16974.164,20.481,14.187,7.879,12000,16.758,7429
16986.086,20.481,14.187,7.879,12000,16.758,7429
16996.324,20.486,14.198,7.868,12000,16.758,7409
17005.242,20.486,14.198,7.868,12000,16.758,7409
17018.211,20.486,14.198,7.879,12000,16.758,7409
17032.688,20.486,14.198,7.868,12000,16.758,7409
17043.297,20.486,14.198,7.868,12000,16.758,7409
17055.496,20.481,14.198,7.879,12000,16.758,7409
17069.094,20.481,14.198,7.868,12000,16.758,7409
17082.424,20.481,14.198,7.868,12000,16.758,7413
17094.342,20.481,14.209,7.868,12000,16.758,7413
17113.572,20.481,14.198,7.868,12000,16.758,7413
17130.258,20.481,14.187,7.879,12000,16.758,7413
17143.297,20.481,14.198,7.868,12000,16.758,7413
17151.113,20.481,14.187,7.868,12000,16.758,7413
17159.238,20.481,14.198,7.868,12000,16.758,7413
17168.162,20.481,14.198,7.857,12000,16.758,7417
17176.158,20.481,14.198,7.868,12000,16.758,7417
17184.055,20.486,14.198,7.868,12000,16.758,7417
17193.160,20.486,14.198,7.868,12000,16.758,7417
17201.170,20.486,14.198,7.868,12000,16.758,7417
17211.176,20.486,14.198,7.868,12000,16.758,7417
17219.168,20.486,14.198,7.868,12000,16.758,7417
17227.201,20.486,14.198,7.868,12000,16.758,7417
17235.475,20.486,14.198,7.868,12000,16.758,7417
17245.018,20.486,14.198,7.868,12000,16.758,7417
17252.104,20.481,14.198,7.868,12000,16.758,7417
17259.949,20.481,14.198,7.868,12000,16.758,7406
17269.076,20.481,14.187,7.868,12000,16.758,7406
17285.035,20.481,14.198,7.868,12000,16.758,7406
17294.080,20.472,14.198,7.868,12000,16.758,7406
17301.059,20.472,14.198,7.879,12000,16.758,7406
17309.105,20.472,14.198,7.879,12000,16.758,7406
17318.051,20.472,14.198,7.879,12000,16.758,7406
17327.154,20.472,14.198,7.879,12000,16.758,7406
17335.078,20.472,14.198,7.879,12000,16.758,7406
17345.096,20.472,14.187,7.879,12000,16.758,7406
17353.113,20.476,14.187,7.857,12000,16.758,7386
17362.207,20.476,14.198,7.868,12000,16.758,7386
17373.488,20.476,14.187,7.868,12000,16.758,7386
17382.871,20.476,14.187,7.868,12000,16.758,7386
17393.223,20.481,14.198,7.857,12000,16.758,7386
17416.135,20.481,14.198,7.868,12000,16.758,7386
17424.523,20.481,14.187,7.868,12000,16.758,7386
17435.195,20.481,14.187,7.868,12000,16.758,7386
17445.125,20.481,14.187,7.879,12000,16.758,7379
17454.059,20.481,14.187,7.868,12000,16.758,7379
17464.213,20.481,14.187,7.868,12000,16.758,7379
17474.082,20.481,14.187,7.879,12000,16.769,7379
17492.859,20.481,14.198,7.868,12000,16.769,7379
17502.162,20.481,14.187,7.879,12000,16.769,7379
17516.701,20.481,14.187,7.868,12000,16.769,7379
17527.439,20.481,14.187,7.868,12000,16.769,7383
17537.152,20.481,14.187,7.868,12000,16.769,7383
17549.566,20.481,14.187,7.868,12000,16.758,7383
17560.137,20.481,14.198,7.868,12000,16.769,7383
17569.074,20.481,14.198,7.868,12000,16.769,7383
17578.090,20.481,14.198,7.879,12000,16.769,7383
17586.125,20.481,14.187,7.879,12000,16.769,7383
17596.162,20.481,14.187,7.879,12000,16.769,7383
17605.510,20.481,14.187,7.868,12000,16.769,7383
17613.123,20.481,14.198,7.879,12000,16.769,7383
17626.156,20.481,14.198,7.879,12000,16.780,7386
17635.111,20.481,14.198,7.868,12000,16.769,7386
17645.121,20.481,14.187,7.879,12000,16.769,7386
17654.168,20.481,14.187,7.868,12000,16.769,7386
17666.188,20.481,14.187,7.868,12000,16.769,7386
17679.160,20.481,14.187,7.868,12000,16.769,7386
17691.447,20.486,14.187,7.868,12000,16.769,7386
17700.080,20.486,14.187,7.868,12000,16.769,7386
17712.062,20.486,14.187,7.879,12000,16.769,7382
17725.057,20.486,14.187,7.868,12000,16.769,7382
17735.076,20.486,14.187,7.868,12000,16.769,7382
17750.146,20.486,14.187,7.857,12000,16.769,7382
17757.664,20.486,14.187,7.857,12000,16.769,7382
17766.787,20.486,14.187,7.868,12000,16.769,7382
17775.109,20.486,14.187,7.868,12000,16.769,7382
17787.195,20.481,14.187,7.868,12000,16.769,7382
17796.137,20.481,14.187,7.868,12000,16.769,7371
17805.424,20.481,14.187,7.868,12000,16.769,7371
17814.250,20.481,14.187,7.868,12000,16.780,7371
17824.867,20.481,14.198,7.857,12000,16.780,7371
17834.057,20.481,14.187,7.868,12000,16.769,7371
17842.070,20.481,14.187,7.868,12000,16.769,7371
17849.266,20.481,14.187,7.868,12000,16.780,7371
17858.934,20.481,14.187,7.868,12000,16.769,7371
17870.064,20.481,14.187,7.857,12000,16.769,7371
17884.844,20.481,14.187,7.857,12000,16.769,7371
17896.164,20.481,14.187,7.868,12000,16.769,7362
17907.918,20.481,14.187,7.868,12000,16.769,7362
17918.102,20.481,14.187,7.868,12000,16.769,7362
17933.021,20.481,14.187,7.868,12000,16.769,7362
17945.508,20.481,14.187,7.868,12000,16.769,7362
17961.006,20.481,14.187,7.868,12000,16.769,7362
17969.090,20.481,14.187,7.868,12000,16.769,7362
17982.900,20.481,14.187,7.868,12000,16.769,7358
17993.238,20.481,14.187,7.868,12000,16.769,7358
18005.699,20.481,14.187,7.879,12000,16.769,7358
18020.604,20.481,14.187,7.879,12000,16.769,7358
18032.660,20.481,14.187,7.879,12000,16.769,7358
18041.414,20.481,14.187,7.879,12000,16.769,7358
18050.387,20.481,14.187,7.868,12000,16.769,7358
18062.143,20.481,14.176,7.868,12000,16.769,7358
18075.791,20.481,14.176,7.868,12000,16.769,7358
18087.096,20.481,14.176,7.868,12000,16.769,7358
18097.234,20.481,14.176,7.879,12000,16.769,7358
18107.580,20.481,14.176,7.868,12000,16.769,7358
18116.270,20.481,14.165,7.868,12000,16.769,7358
18134.145,20.481,14.187,7.868,12000,16.769,7358
18148.906,20.481,14.187,7.879,12000,16.769,7358
18157.236,20.477,14.187,7.879,12000,16.769,7361
18183.145,20.477,14.187,7.868,12000,16.769,7361
18193.152,20.481,14.176,7.868,12000,16.769,7361
18201.145,20.481,14.176,7.868,12000,16.769,7361
18209.225,20.481,14.165,7.868,12000,16.769,7361
18220.154,20.481,14.176,7.879,12000,16.769,7361
18233.039,20.481,14.176,7.868,12000,16.769,7361
18245.213,20.481,14.176,7.857,12000,16.769,7363
18254.156,20.486,14.176,7.868,12000,16.769,7363
18268.121,20.486,14.176,7.868,12000,16.769,7363
18278.176,20.486,14.176,7.868,12000,16.769,7363
18287.129,20.476,14.176,7.868,12000,16.769,7363
18297.131,20.476,14.176,7.879,12000,16.769,7363
18306.076,20.476,14.176,7.868,12000,16.769,7363
18318.344,20.476,14.176,7.868,12000,16.769,7363
18329.178,20.476,14.176,7.857,12000,16.769,7363
18345.256,20.476,14.176,7.857,12000,16.769,7361
18357.383,20.476,14.187,7.868,12000,16.769,7361
18366.416,20.476,14.187,7.868,12000,16.780,7361
18382.156,20.476,14.187,7.868,12000,16.769,7361
18393.348,20.476,14.176,7.868,12000,16.769,7361
18405.617,20.476,14.176,7.879,12000,16.769,7361
18416.291,20.476,14.176,7.868,12000,16.769,7361
18424.693,20.476,14.176,7.868,12000,16.769,7361
18432.709,20.476,14.176,7.868,12000,16.769,7358
18443.293,20.476,14.176,7.879,12000,16.769,7358
18457.324,20.481,14.176,7.868,12000,16.769,7358
18466.205,20.481,14.176,7.868,12000,16.769,7358
18473.955,20.481,14.165,7.868,12000,16.769,7358
18484.506,20.481,14.165,7.868,12000,16.769,7358
18496.191,20.486,14.165,7.868,12000,16.769,7358
18508.775,20.486,14.176,7.868,12000,16.769,7358
18518.283,20.486,14.176,7.868,12000,16.769,7353
18531.996,20.486,14.176,7.868,12000,16.769,7353
18541.332,20.486,14.176,7.868,12000,16.769,7353
18550.023,20.477,14.165,7.868,12000,16.769,7353
18561.389,20.477,14.165,7.857,12000,16.769,7353
18570.156,20.477,14.165,7.868,12000,16.769,7353
18579.379,20.477,14.176,7.868,12000,16.769,7353
18589.002,20.481,14.176,7.868,12000,16.769,7353
18599.334,20.481,14.176,7.868,12000,16.769,7353
18608.115,20.481,14.165,7.868,12000,16.769,7349
18619.072,20.481,14.165,7.868,12000,16.769,7349
18635.570,20.481,14.165,7.868,12000,16.769,7349
18645.172,20.481,14.165,7.868,12000,16.769,7349
18653.111,20.490,14.165,7.879,12000,16.769,7349
18663.520,20.490,14.165,7.868,12000,16.769,7349
18672.297,20.490,14.165,7.879,12000,16.769,7349
18680.359,20.490,14.154,7.857,12000,16.769,7349
18688.449,20.481,14.154,7.857,12000,16.769,7349
18696.371,20.481,14.154,7.857,12000,16.769,7346
18705.342,20.481,14.165,7.857,12000,16.769,7346
18713.498,20.481,14.165,7.857,12000,16.769,7346
18722.762,20.481,14.165,7.857,12000,16.769,7346
18734.314,20.481,14.165,7.868,12000,16.769,7346
18743.125,20.481,14.154,7.868,12000,16.769,7346
18751.107,20.472,14.154,7.868,12000,16.780,7346
18759.139,20.472,14.154,7.868,12000,16.780,7346
18768.852,20.472,14.154,7.868,12000,16.769,7346
18779.656,20.472,14.154,7.857,12000,16.769,7346
18794.281,20.481,14.165,7.868,12000,16.780,7348
18804.170,20.481,14.165,7.868,12000,16.780,7348
18815.965,20.481,14.165,7.868,12000,16.769,7348
18826.197,20.481,14.154,7.868,12000,16.769,7348
18836.287,20.481,14.154,7.868,12000,16.769,7348
18850.205,20.481,14.154,7.868,12000,16.769,7348
18859.320,20.486,14.154,7.868,12000,16.769,7348
18868.127,20.486,14.154,7.868,12000,16.769,7348
18880.727,20.486,14.154,7.879,12000,16.769,7349
18899.598,20.481,14.154,7.868,12000,16.769,7349
18908.412,20.481,14.154,7.868,12000,16.769,7349
18919.119,20.481,14.165,7.868,12000,16.769,7349
18928.129,20.481,14.154,7.868,12000,16.769,7349
18946.137,20.481,14.165,7.868,12000,16.769,7349
18958.137,20.477,14.165,7.868,12000,16.769,7349
18965.668,20.477,14.154,7.868,12000,16.769,7351
18974.498,20.477,14.154,7.868,12000,16.769,7351
18986.307,20.477,14.154,7.868,12000,16.769,7351
18995.670,20.477,14.154,7.868,12000,16.769,7351
19007.607,20.477,14.154,7.857,12000,16.769,7351
19018.229,20.477,14.154,7.879,12000,16.780,7351
19026.139,20.477,14.154,7.879,12000,16.780,7351
19035.309,20.477,14.154,7.879,12000,16.780,7351
19045.133,20.477,14.154,7.879,12000,16.769,7351
19055.516,20.481,14.165,7.879,12000,16.769,7353
19064.250,20.481,14.165,7.879,12000,16.769,7353
19074.580,20.481,14.165,7.868,12000,16.769,7353
19082.301,20.481,14.165,7.868,12000,16.780,7353
19094.322,20.481,14.165,7.879,12000,16.780,7353
19108.152,20.481,14.165,7.868,12000,16.780,7353
19119.135,20.481,14.154,7.879,12000,16.769,7353
19131.865,20.481,14.154,7.879,12000,16.780,7353
19144.354,20.481,14.154,7.868,12000,16.780,7351
19154.145,20.477,14.154,7.868,12000,16.780,7351
19170.158,20.477,14.165,7.868,12000,16.769,7351
19179.143,20.477,14.165,7.868,12000,16.769,7351
19188.137,20.477,14.165,7.879,12000,16.769,7351
19196.107,20.477,14.154,7.857,12000,16.769,7351
19203.094,20.477,14.154,7.868,12000,16.780,7351
19212.111,20.477,14.154,7.868,12000,16.769,7351
19221.258,20.477,14.154,7.857,12000,16.769,7351
19229.127,20.477,14.154,7.857,12000,16.769,7351
19240.475,20.477,14.165,7.857,12000,16.769,7352
19248.373,20.490,14.165,7.868,12000,16.769,7352
19256.242,20.490,14.165,7.868,12000,16.769,7352
19266.492,20.490,14.154,7.868,12000,16.769,7352
19275.254,20.490,14.154,7.868,12000,16.780,7352
19284.141,20.499,14.154,7.857,12000,16.769,7352
19295.217,20.499,14.154,7.857,12000,16.769,7352
19304.197,20.499,14.154,7.868,12000,16.769,7352
19314.418,20.499,14.154,7.868,12000,16.769,7352
19326.393,20.499,14.154,7.868,12000,16.769,7350
19335.166,20.499,14.154,7.868,12000,16.769,7350
19345.186,20.499,14.154,7.879,12000,16.769,7350
19354.172,20.490,14.154,7.879,12000,16.769,7350
19363.436,20.490,14.154,7.868,12000,16.769,7350
19374.928,20.490,14.154,7.868,12000,16.780,7350
19386.242,20.481,14.154,7.868,12000,16.769,7350
19407.729,20.481,14.154,7.868,12000,16.769,7350
19419.412,20.481,14.154,7.868,12000,16.769,7350
19429.383,20.481,14.154,7.868,12000,16.769,7350
19441.932,20.481,14.154,7.868,12000,16.780,7350
19450.377,20.490,14.154,7.868,12000,16.780,7350
19460.223,20.490,14.154,7.868,12000,16.780,7350
19468.227,20.490,14.154,7.868,12000,16.780,7350
19476.160,20.490,14.154,7.868,12000,16.769,7350
19486.283,20.494,14.154,7.868,12000,16.769,7350
19495.184,20.494,14.154,7.868,12000,16.780,7350
19504.193,20.494,14.154,7.868,12000,16.780,7349
19513.184,20.494,14.143,7.868,12000,16.769,7349
19524.307,20.494,14.154,7.868,12000,16.780,7349
19532.582,20.494,14.154,7.879,12000,16.769,7349
19546.262,20.494,14.154,7.868,12000,16.780,7349
19560.152,20.486,14.154,7.868,12000,16.780,7349
19570.238,20.486,14.154,7.868,12000,16.780,7349
19583.322,20.486,14.154,7.868,12000,16.780,7349
19594.148,20.481,14.143,7.857,12000,16.780,7350
19604.246,20.481,14.154,7.857,12000,16.780,7350
19614.283,20.481,14.154,7.868,12000,16.780,7350
19625.182,20.481,14.154,7.868,12000,16.780,7350
19632.676,20.481,14.154,7.868,12000,16.780,7350
19641.771,20.481,14.154,7.868,12000,16.780,7350
19652.207,20.481,14.154,7.868,12000,16.780,7350
19665.301,20.481,14.154,7.879,12000,16.780,7350
19675.088,20.481,14.154,7.868,12000,16.780,7350
19685.311,20.472,14.154,7.868,12000,16.780,7351
19696.137,20.472,14.154,7.868,12000,16.780,7351
19708.990,20.472,14.165,7.879,12000,16.780,7351
19719.252,20.472,14.165,7.868,12000,16.780,7351
19729.227,20.472,14.165,7.868,12000,16.780,7351
19744.471,20.472,14.154,7.868,12000,16.780,7351
19754.174,20.472,14.154,7.868,12000,16.780,7351
19765.816,20.472,14.154,7.868,12000,16.780,7351
19776.607,20.472,14.154,7.868,12000,16.780,7350
19786.170,20.481,14.143,7.879,12000,16.780,7350
19795.162,20.481,14.143,7.879,12000,16.780,7350
19804.246,20.481,14.143,7.868,12000,16.780,7350
19813.480,20.481,14.143,7.868,12000,16.780,7350
19822.619,20.481,14.143,7.868,12000,16.780,7350
19834.557,20.481,14.143,7.879,12000,16.780,7350
19847.488,20.481,14.143,7.879,12000,16.780,7350
19857.531,20.472,14.143,7.868,12000,16.780,7350
19866.061,20.472,14.154,7.868,12000,16.780,7349
19878.412,20.472,14.154,7.868,12000,16.780,7349
19888.902,20.476,14.132,7.868,12000,16.780,7349
19900.143,20.476,14.132,7.868,12000,16.780,7349
19910.361,20.476,14.143,7.879,12000,16.780,7349
19923.488,20.476,14.154,7.868,12000,16.780,7349
19933.486,20.476,14.154,7.879,12000,16.780,7349
19945.168,20.476,14.154,7.879,12000,16.780,7349
19954.213,20.481,14.154,7.868,12000,16.780,7350
19963.162,20.481,14.154,7.868,12000,16.780,7350
19971.371,20.481,14.154,7.868,12000,16.780,7350
19983.225,20.481,14.154,7.868,12000,16.780,7350
19991.387,20.472,14.154,7.868,12000,16.780,7350
19999.213,20.472,14.154,7.857,12000,16.780,7350
20008.484,20.472,14.132,7.857,12000,16.780,7350
