T_(ms),Sys_Volts_(V),Comp_P_(mA),Piezo_P_(mA),Piezo_out_(mV),V_dist_(mA),LC_(grams)

18.185,20.477,12.429,7.769,11800,17.330,7878
35.151,20.477,12.429,7.769,12000,17.330,7878
45.201,20.477,12.407,7.780,12000,17.330,7878
59.131,20.477,12.407,7.780,12000,17.330,7878
72.169,20.477,12.407,7.934,12000,17.297,7878
81.129,20.477,12.429,7.934,12000,17.286,7878
90.089,20.477,12.429,7.912,12000,17.275,7878
99.095,20.477,12.440,7.912,12000,17.264,7878
109.227,20.477,12.440,7.912,12000,17.253,7878
121.276,20.486,12.429,7.890,12000,17.253,7878
135.041,20.486,12.429,7.890,12000,17.242,7878
143.069,20.486,12.429,7.868,12000,17.231,7878
151.083,20.486,12.418,7.868,12000,17.231,7878
159.102,20.486,12.418,7.868,12000,17.231,7878
167.130,20.486,12.429,7.868,12000,17.231,7908
176.070,20.486,12.440,7.868,12000,17.231,7908
184.077,20.486,12.440,7.868,12000,17.231,7908
192.047,20.486,12.440,7.857,12000,17.231,7908
201.048,20.486,12.418,7.857,12000,17.231,7908
209.963,20.486,12.429,7.868,12000,17.231,7908
220.039,20.486,12.429,7.868,12000,17.231,7908
228.136,20.486,12.429,7.868,12000,17.242,7908
236.452,20.486,12.418,7.868,12000,17.242,7908
245.033,20.486,12.429,7.868,12000,17.231,7908
257.061,20.490,12.429,7.879,12000,17.231,7869
265.955,20.490,12.429,7.868,12000,17.242,7869
278.168,20.490,12.429,7.868,12000,17.242,7869
287.793,20.490,12.429,7.868,12000,17.231,7869
296.799,20.490,12.429,7.868,12000,17.242,7869
307.095,20.490,12.429,7.879,12000,17.231,7869
316.164,20.486,12.429,7.868,12000,17.231,7869
330.105,20.486,12.429,7.868,12000,17.231,7869
339.977,20.486,12.429,7.857,12000,17.231,7869
348.237,20.486,12.418,7.857,12000,17.231,7719
359.050,20.486,12.418,7.868,12000,17.231,7719
369.078,20.486,12.418,7.868,12000,17.231,7719
381.093,20.486,12.418,7.868,12000,17.231,7719
390.184,20.486,12.418,7.857,12000,17.231,7719
399.949,20.486,12.418,7.857,12000,17.231,7719
410.013,20.486,12.418,7.868,12000,17.231,7719
422.171,20.486,12.429,7.868,12000,17.231,7719
430.986,20.486,12.418,7.868,12000,17.231,7719
439.015,20.486,12.429,7.857,12000,17.231,7729
446.060,20.486,12.429,7.857,12000,17.231,7729
453.002,20.481,12.429,7.868,12000,17.231,7729
463.263,20.481,12.429,7.857,12000,17.231,7729
471.642,20.481,12.429,7.857,12000,17.231,7729
479.244,20.481,12.429,7.857,12000,17.231,7729
487.415,20.481,12.429,7.857,12000,17.231,7729
496.015,20.481,12.429,7.857,12000,17.231,7729
502.989,20.481,12.429,7.868,12000,17.231,7729
513.550,20.481,12.429,7.868,12000,17.231,7729
525.979,20.481,12.429,7.868,12000,17.231,7753
534.010,20.481,12.429,7.857,12000,17.231,7753
543.052,20.481,12.429,7.857,12000,17.231,7753
553.194,20.486,12.429,7.857,12000,17.231,7753
564.262,20.486,12.429,7.857,12000,17.231,7753
573.997,20.486,12.429,7.868,12000,17.231,7753
585.052,20.486,12.429,7.868,12000,17.231,7753
594.085,20.486,12.418,7.868,12000,17.220,7753
605.641,20.486,12.418,7.868,12000,17.231,7753
613.614,20.490,12.418,7.868,12000,17.220,7753
623.005,20.490,12.429,7.868,12000,17.220,7772
631.292,20.490,12.429,7.868,12000,17.220,7772
644.414,20.490,12.429,7.868,12000,17.220,7772
656.287,20.486,12.418,7.868,12000,17.220,7772
666.067,20.486,12.418,7.868,12000,17.220,7772
677.102,20.486,12.418,7.868,12000,17.220,7772
688.339,20.486,12.418,7.868,12000,17.220,7772
697.816,20.486,12.429,7.868,12000,17.220,7772
707.058,20.486,12.429,7.857,12000,17.220,7787
720.313,20.481,12.429,7.857,12000,17.220,7787
733.057,20.481,12.429,7.868,12000,17.220,7787
743.037,20.481,12.418,7.868,12000,17.220,7787
766.177,20.486,12.429,7.868,12000,17.220,7787
781.078,20.486,12.429,7.868,12000,17.220,7787
790.033,20.486,12.429,7.857,12000,17.220,7787
800.469,20.486,12.429,7.868,12000,17.220,7796
814.965,20.486,12.418,7.868,12000,17.220,7796
822.404,20.481,12.418,7.879,12000,17.220,7796
830.390,20.481,12.418,7.868,12000,17.220,7796
841.027,20.481,12.418,7.868,12000,17.220,7796
850.084,20.481,12.429,7.868,12000,17.220,7796
860.121,20.481,12.429,7.868,12000,17.220,7796
872.652,20.481,12.418,7.868,12000,17.220,7796
888.206,20.481,12.418,7.868,12000,17.220,7815
896.623,20.481,12.418,7.868,12000,17.220,7815
906.157,20.481,12.418,7.857,12000,17.220,7815
916.091,20.490,12.418,7.857,12000,17.220,7815
925.116,20.490,12.429,7.868,12000,17.220,7815
936.091,20.490,12.418,7.868,12000,17.220,7815
945.339,20.490,12.418,7.868,12000,17.220,7815
957.039,20.486,12.418,7.868,12000,17.220,7815
969.139,20.486,12.418,7.868,12000,17.220,7815
980.510,20.486,12.418,7.868,12000,17.220,7832
991.027,20.486,12.418,7.868,12000,17.220,7832
1000.126,20.486,12.429,7.868,12000,17.220,7832
1013.413,20.486,12.418,7.879,12000,17.220,7832
1024.262,20.481,12.418,7.868,12000,17.220,7832
1038.370,20.481,12.418,7.868,12000,17.220,7832
1048.422,20.481,12.418,7.868,12000,17.220,7832
1060.017,20.481,12.429,7.868,12000,17.220,7832
1069.098,20.481,12.429,7.868,12000,17.220,7846
1079.846,20.481,12.429,7.868,12000,17.220,7846
1091.212,20.481,12.429,7.868,12000,17.220,7846
1103.423,20.481,12.429,7.868,12000,17.209,7846
1113.103,20.486,12.418,7.868,12000,17.220,7846
1121.695,20.486,12.418,7.868,12000,17.220,7846
1132.054,20.486,12.418,7.868,12000,17.220,7846
1142.089,20.486,12.429,7.868,12000,17.220,7846
1151.061,20.490,12.429,7.868,12000,17.220,7846
1169.123,20.490,12.429,7.879,12000,17.220,7856
1200.990,20.490,12.429,7.879,12000,17.220,7856
1213.034,20.490,12.429,7.879,12000,17.220,7856
1252.350,20.490,12.418,7.868,12000,17.209,7856
1283.378,20.490,12.418,7.879,12000,17.209,7866
1293.042,20.490,12.429,7.868,12000,17.209,7866
1300.022,20.490,12.429,7.868,12000,17.209,7866
1307.181,20.490,12.418,7.868,12000,17.209,7866
1316.049,20.486,12.418,7.868,12000,17.209,7866
1323.143,20.486,12.429,7.868,12000,17.209,7866
1331.085,20.486,12.429,7.879,12000,17.209,7866
1339.009,20.486,12.429,7.868,12000,17.209,7873
1347.016,20.486,12.429,7.868,12000,17.209,7873
1356.043,20.486,12.429,7.868,12000,17.209,7873
1364.026,20.486,12.429,7.868,12000,17.209,7873
1373.088,20.486,12.429,7.868,12000,17.209,7873
1384.967,20.486,12.429,7.868,12000,17.209,7873
1394.038,20.486,12.418,7.868,12000,17.209,7873
1402.087,20.486,12.418,7.868,12000,17.209,7873
1411.100,20.486,12.418,7.868,12000,17.209,7873
1420.074,20.486,12.418,7.857,12000,17.209,7873
1429.051,20.486,12.418,7.857,12000,17.209,7878
1439.123,20.486,12.418,7.868,12000,17.209,7878
1447.105,20.486,12.418,7.868,12000,17.209,7878
1457.175,20.481,12.418,7.868,12000,17.209,7878
1466.167,20.481,12.418,7.868,12000,17.209,7878
1476.162,20.481,12.418,7.868,12000,17.209,7878
1487.068,20.481,12.418,7.868,12000,17.209,7878
1500.106,20.481,12.418,7.868,12000,17.209,7878
1512.332,20.481,12.429,7.857,12000,17.209,7878
1523.023,20.486,12.429,7.857,12000,17.209,7880
1531.082,20.486,12.429,7.868,12000,17.209,7880
1546.026,20.486,12.418,7.868,12000,17.209,7880
1554.016,20.486,12.418,7.868,12000,17.209,7880
1561.982,20.486,12.429,7.868,12000,17.209,7880
1569.068,20.486,12.429,7.868,12000,17.209,7880
1576.060,20.486,12.429,7.868,12000,17.209,7880
1583.009,20.486,12.418,7.857,12000,17.209,7880
1590.816,20.486,12.418,7.857,12000,17.209,7880
1600.711,20.486,12.429,7.857,12000,17.209,7880
1609.202,20.486,12.418,7.868,12000,17.209,7881
1618.133,20.481,12.418,7.868,12000,17.209,7881
1626.423,20.481,12.418,7.868,12000,17.209,7881
1638.032,20.481,12.418,7.857,12000,17.209,7881
1646.010,20.481,12.418,7.857,12000,17.209,7881
1655.070,20.486,12.418,7.857,12000,17.209,7881
1664.110,20.486,12.418,7.868,12000,17.220,7881
1674.169,20.486,12.429,7.868,12000,17.220,7881
1684.023,20.486,12.429,7.868,12000,17.209,7881
1692.728,20.486,12.429,7.868,12000,17.209,7881
1702.381,20.486,12.429,7.868,12000,17.209,7882
1713.123,20.486,12.429,7.857,12000,17.209,7882
1724.199,20.486,12.429,7.868,12000,17.209,7882
1734.980,20.486,12.418,7.868,12000,17.209,7882
1747.383,20.486,12.418,7.868,12000,17.209,7882
1759.334,20.486,12.418,7.868,12000,17.209,7882
1767.164,20.486,12.418,7.868,12000,17.209,7882
1776.778,20.486,12.418,7.868,12000,17.209,7882
1784.190,20.486,12.418,7.868,12000,17.209,7884
1796.218,20.486,12.418,7.868,12000,17.209,7884
1809.261,20.486,12.418,7.857,12000,17.209,7884
1818.303,20.490,12.418,7.857,12000,17.209,7884
1829.212,20.490,12.429,7.868,12000,17.209,7884
1837.982,20.490,12.429,7.868,12000,17.198,7884
1846.020,20.490,12.418,7.879,12000,17.198,7884
1855.218,20.486,12.429,7.868,12000,17.209,7884
1865.232,20.486,12.429,7.868,12000,17.209,7884
1875.985,20.486,12.429,7.857,12000,17.209,7886
1886.238,20.486,12.429,7.857,12000,17.198,7886
1894.313,20.486,12.429,7.857,12000,17.198,7886
1907.195,20.486,12.418,7.868,12000,17.198,7886
1917.142,20.486,12.418,7.868,12000,17.198,7886
1927.075,20.486,12.418,7.868,12000,17.198,7886
1936.226,20.486,12.418,7.868,12000,17.198,7886
1945.280,20.486,12.418,7.868,12000,17.198,7886
1957.014,20.486,12.418,7.868,12000,17.198,7886
1964.061,20.486,12.429,7.868,12000,17.198,7886
1972.369,20.486,12.429,7.868,12000,17.198,7886
1980.743,20.486,12.429,7.868,12000,17.198,7886
1990.128,20.486,12.429,7.868,12000,17.198,7886
1998.055,20.486,12.429,7.868,12000,17.198,7886
2005.041,20.486,12.418,7.868,12000,17.198,7886
2012.964,20.481,12.418,7.868,12000,17.198,7886
2020.194,20.481,12.429,7.868,12000,17.198,7886
2033.094,20.481,12.429,7.868,12000,17.198,7886
2045.281,20.481,12.429,7.879,12000,17.198,7886
2070.356,20.481,12.418,7.868,12000,17.198,7886
2079.327,20.481,12.418,7.857,12000,17.198,7886
2087.229,20.481,12.418,7.857,12000,17.198,7886
2096.385,20.481,12.429,7.857,12000,17.198,7886
2104.215,20.481,12.429,7.868,12000,17.198,7886
2112.409,20.481,12.429,7.868,12000,17.198,7886
2122.003,20.481,12.429,7.868,12000,17.198,7886
2130.104,20.481,12.429,7.868,12000,17.198,7886
2138.356,20.481,12.429,7.868,12000,17.198,7886
2146.206,20.481,12.429,7.868,12000,17.198,7885
2155.129,20.481,12.429,7.868,12000,17.198,7885
2166.254,20.481,12.429,7.879,12000,17.198,7885
2177.118,20.481,12.429,7.857,12000,17.198,7885
2186.280,20.481,12.429,7.857,12000,17.198,7885
2196.584,20.481,12.429,7.868,12000,17.198,7885
2208.101,20.481,12.418,7.868,12000,17.198,7885
2219.981,20.477,12.429,7.868,12000,17.198,7885
2233.006,20.477,12.418,7.868,12000,17.198,7884
2249.175,20.477,12.418,7.868,12000,17.187,7884
2258.083,20.477,12.418,7.857,12000,17.187,7884
2271.717,20.477,12.418,7.868,12000,17.187,7884
2285.068,20.477,12.418,7.868,12000,17.187,7884
2293.176,20.477,12.418,7.868,12000,17.187,7884
2308.038,20.477,12.418,7.868,12000,17.198,7884
2318.359,20.481,12.418,7.879,12000,17.198,7884
2328.352,20.481,12.418,7.868,12000,17.198,7885
2338.601,20.481,12.418,7.868,12000,17.198,7885
2347.701,20.481,12.418,7.868,12000,17.187,7885
2358.053,20.481,12.418,7.868,12000,17.187,7885
2368.042,20.481,12.418,7.879,12000,17.187,7885
2381.221,20.481,12.418,7.868,12000,17.198,7885
2393.120,20.481,12.418,7.868,12000,17.198,7885
2405.916,20.481,12.418,7.868,12000,17.198,7885
2417.015,20.481,12.418,7.868,12000,17.187,7885
2426.224,20.481,12.418,7.868,12000,17.187,7885
2436.158,20.481,12.418,7.868,12000,17.198,7885
2447.450,20.481,12.418,7.868,12000,17.198,7885
2457.032,20.486,12.418,7.868,12000,17.198,7885
2467.123,20.486,12.418,7.868,12000,17.198,7885
2478.331,20.486,12.418,7.868,12000,17.198,7885
2486.204,20.486,12.418,7.879,12000,17.198,7885
2494.547,20.486,12.418,7.879,12000,17.198,7885
2508.107,20.486,12.418,7.879,12000,17.198,7884
2517.199,20.486,12.418,7.868,12000,17.198,7884
2526.124,20.486,12.418,7.857,12000,17.198,7884
2535.090,20.486,12.418,7.857,12000,17.198,7884
2545.420,20.486,12.418,7.857,12000,17.198,7884
2559.054,20.481,12.418,7.868,12000,17.198,7884
2567.096,20.481,12.418,7.868,12000,17.198,7884
2577.147,20.481,12.418,7.868,12000,17.198,7884
2586.062,20.481,12.418,7.868,12000,17.198,7884
2595.041,20.481,12.407,7.868,12000,17.198,7884
2604.975,20.481,12.407,7.868,12000,17.198,7884
2616.160,20.481,12.407,7.857,12000,17.198,7884
2625.189,20.481,12.418,7.857,12000,17.187,7884
2635.164,20.481,12.418,7.868,12000,17.198,7884
2644.220,20.481,12.418,7.868,12000,17.198,7884
2653.082,20.481,12.418,7.868,12000,17.198,7884
2664.218,20.481,12.418,7.868,12000,17.198,7884
2673.114,20.481,12.418,7.868,12000,17.198,7884
2682.156,20.481,12.418,7.879,12000,17.198,7885
2692.065,20.481,12.418,7.857,12000,17.198,7885
2701.135,20.481,12.418,7.857,12000,17.198,7885
2711.321,20.481,12.418,7.868,12000,17.198,7885
2720.296,20.481,12.418,7.868,12000,17.187,7885
2733.150,20.481,12.418,7.868,12000,17.187,7885
2742.212,20.481,12.418,7.868,12000,17.187,7885
2755.922,20.486,12.418,7.868,12000,17.187,7885
2767.133,20.486,12.418,7.868,12000,17.187,7885
2777.260,20.486,12.418,7.868,12000,17.187,7886
2788.446,20.486,12.429,7.879,12000,17.187,7886
2799.153,20.486,12.429,7.879,12000,17.187,7886
2812.823,20.486,12.429,7.868,12000,17.187,7886
2822.411,20.486,12.418,7.868,12000,17.187,7886
2830.142,20.486,12.418,7.868,12000,17.187,7886
2838.662,20.486,12.429,7.857,12000,17.187,7886
2846.505,20.486,12.429,7.857,12000,17.187,7886
2857.275,20.486,12.429,7.857,12000,17.187,7886
2866.085,20.486,12.418,7.868,12000,17.187,7888
2875.300,20.486,12.418,7.868,12000,17.187,7888
2885.300,20.486,12.418,7.868,12000,17.187,7888
2896.517,20.486,12.418,7.868,12000,17.198,7888
2905.804,20.486,12.418,7.868,12000,17.187,7888
2916.122,20.490,12.418,7.868,12000,17.198,7888
2925.171,20.490,12.418,7.868,12000,17.187,7888
2935.092,20.490,12.418,7.868,12000,17.187,7888
2944.813,20.490,12.418,7.868,12000,17.187,7888
2955.340,20.490,12.418,7.868,12000,17.187,7889
2965.077,20.490,12.418,7.868,12000,17.187,7889
2977.228,20.490,12.418,7.868,12000,17.187,7889
2991.106,20.490,12.418,7.868,12000,17.187,7889
3001.121,20.490,12.418,7.868,12000,17.187,7889
3013.245,20.486,12.418,7.868,12000,17.187,7889
3025.163,20.486,12.429,7.868,12000,17.187,7889
3038.141,20.486,12.429,7.857,12000,17.187,7889
3051.448,20.481,12.418,7.857,12000,17.187,7890
3063.751,20.481,12.418,7.868,12000,17.187,7890
3077.077,20.481,12.418,7.868,12000,17.187,7890
3089.033,20.481,12.429,7.868,12000,17.198,7890
3100.684,20.481,12.429,7.868,12000,17.187,7890
3110.207,20.481,12.429,7.868,12000,17.198,7890
3122.154,20.486,12.429,7.868,12000,17.198,7890
3131.106,20.486,12.429,7.868,12000,17.198,7891
3141.093,20.486,12.418,7.868,12000,17.198,7891
3161.280,20.490,12.418,7.868,12000,17.198,7891
3169.140,20.490,12.418,7.868,12000,17.198,7891
3187.090,20.490,12.418,7.868,12000,17.187,7891
3202.119,20.490,12.407,7.868,12000,17.187,7891
3209.051,20.490,12.418,7.857,12000,17.187,7891
3216.303,20.486,12.418,7.857,12000,17.187,7891
3223.005,20.486,12.418,7.868,12000,17.198,7891
3231.049,20.486,12.418,7.868,12000,17.198,7891
3239.048,20.486,12.407,7.868,12000,17.198,7891
3247.993,20.486,12.407,7.868,12000,17.198,7891
3256.100,20.486,12.418,7.857,12000,17.187,7891
3266.734,20.486,12.407,7.857,12000,17.187,7891
3278.580,20.486,12.407,7.868,12000,17.187,7891
3286.089,20.486,12.407,7.857,12000,17.198,7891
3293.074,20.486,12.407,7.857,12000,17.198,7891
3300.121,20.486,12.407,7.857,12000,17.198,7891
3310.015,20.486,12.418,7.857,12000,17.198,7891
3317.079,20.486,12.418,7.857,12000,17.187,7889
3324.578,20.486,12.418,7.857,12000,17.187,7889
3332.244,20.486,12.418,7.868,12000,17.187,7889
3341.538,20.486,12.418,7.868,12000,17.187,7889
3350.041,20.481,12.418,7.868,12000,17.187,7889
3358.235,20.481,12.418,7.868,12000,17.187,7889
3367.147,20.481,12.418,7.868,12000,17.187,7889
3375.135,20.481,12.418,7.868,12000,17.187,7889
3384.116,20.481,12.418,7.868,12000,17.187,7889
3391.320,20.481,12.429,7.868,12000,17.187,7889
3399.582,20.481,12.418,7.868,12000,17.187,7889
3407.074,20.481,12.418,7.868,12000,17.187,7889
3414.074,20.486,12.418,7.868,12000,17.187,7889
3421.081,20.486,12.418,7.857,12000,17.187,7889
3429.074,20.486,12.418,7.857,12000,17.187,7889
3436.077,20.486,12.429,7.857,12000,17.187,7889
3444.064,20.486,12.429,7.857,12000,17.187,7889
3451.090,20.486,12.429,7.868,12000,17.187,7889
3458.266,20.486,12.429,7.868,12000,17.187,7889
3465.018,20.486,12.418,7.868,12000,17.187,7889
3473.054,20.486,12.418,7.868,12000,17.187,7889
3481.076,20.486,12.418,7.868,12000,17.187,7889
3489.042,20.486,12.418,7.868,12000,17.187,7889
3497.139,20.486,12.418,7.868,12000,17.187,7887
3506.029,20.486,12.418,7.868,12000,17.187,7887
3514.092,20.481,12.418,7.879,12000,17.187,7887
3522.127,20.481,12.418,7.868,12000,17.187,7887
3531.039,20.481,12.418,7.868,12000,17.187,7887
3538.040,20.481,12.418,7.868,12000,17.187,7887
3546.105,20.481,12.418,7.868,12000,17.187,7887
3554.096,20.481,12.418,7.868,12000,17.187,7887
3561.087,20.481,12.418,7.868,12000,17.187,7887
3571.083,20.481,12.418,7.868,12000,17.187,7887
3579.079,20.481,12.418,7.868,12000,17.187,7886
3588.116,20.481,12.418,7.868,12000,17.187,7886
3596.115,20.481,12.418,7.868,12000,17.187,7886
3604.109,20.481,12.418,7.868,12000,17.187,7886
3611.114,20.481,12.418,7.868,12000,17.187,7886
3619.072,20.477,12.418,7.857,12000,17.187,7886
3626.100,20.477,12.418,7.857,12000,17.187,7886
3634.057,20.477,12.418,7.857,12000,17.187,7886
3641.192,20.477,12.418,7.868,12000,17.187,7886
3648.090,20.477,12.418,7.857,12000,17.187,7886
3656.086,20.477,12.418,7.857,12000,17.187,7886
3664.095,20.477,12.418,7.857,12000,17.187,7886
3672.086,20.477,12.418,7.857,12000,17.176,7886
3680.081,20.477,12.418,7.857,12000,17.176,7886
3688.080,20.477,12.418,7.857,12000,17.176,7886
3696.031,20.477,12.418,7.868,12000,17.187,7886
3704.095,20.477,12.418,7.868,12000,17.176,7886
3712.178,20.477,12.407,7.868,12000,17.187,7886
3720.090,20.486,12.407,7.868,12000,17.187,7886
3728.091,20.486,12.418,7.868,12000,17.187,7886
3735.132,20.486,12.418,7.868,12000,17.187,7886
3742.190,20.486,12.418,7.868,12000,17.187,7886
3750.016,20.486,12.418,7.868,12000,17.176,7886
3757.094,20.486,12.407,7.868,12000,17.187,7886
3764.149,20.486,12.407,7.868,12000,17.187,7887
3773.133,20.486,12.418,7.868,12000,17.187,7887
3782.242,20.486,12.407,7.868,12000,17.187,7887
3791.770,20.486,12.407,7.857,12000,17.187,7887
3801.118,20.486,12.407,7.857,12000,17.187,7887
3809.415,20.486,12.418,7.857,12000,17.187,7887
3819.164,20.481,12.418,7.868,12000,17.187,7887
3828.199,20.481,12.418,7.868,12000,17.187,7887
3837.145,20.481,12.418,7.868,12000,17.176,7887
3845.215,20.481,12.418,7.868,12000,17.176,7887
3856.169,20.486,12.418,7.868,12000,17.187,7885
3865.412,20.486,12.407,7.868,12000,17.187,7885
3874.136,20.486,12.407,7.868,12000,17.187,7885
3885.062,20.486,12.418,7.868,12000,17.187,7885
3894.167,20.486,12.418,7.857,12000,17.187,7885
3905.140,20.486,12.418,7.857,12000,17.187,7885
3916.041,20.486,12.418,7.868,12000,17.176,7885
3926.175,20.486,12.418,7.868,12000,17.176,7885
3934.160,20.486,12.407,7.868,12000,17.176,7885
3942.073,20.486,12.407,7.857,12000,17.176,7885
3951.094,20.486,12.418,7.857,12000,17.176,7885
3959.161,20.486,12.418,7.868,12000,17.176,7885
3967.274,20.486,12.418,7.868,12000,17.176,7885
3975.588,20.486,12.429,7.868,12000,17.176,7885
3985.610,20.486,12.407,7.868,12000,17.176,7885
3996.148,20.486,12.407,7.868,12000,17.176,7885
4004.111,20.486,12.407,7.868,12000,17.176,7885
4011.162,20.486,12.407,7.868,12000,17.176,7885
4018.102,20.486,12.407,7.868,12000,17.176,7885
4026.110,20.486,12.407,7.868,12000,17.176,7885
4033.155,20.486,12.407,7.868,12000,17.176,7886
4040.115,20.486,12.407,7.868,12000,17.176,7886
4048.183,20.481,12.418,7.868,12000,17.187,7886
4056.108,20.481,12.418,7.868,12000,17.176,7886
4071.134,20.481,12.418,7.868,12000,17.176,7886
4079.115,20.481,12.418,7.868,12000,17.176,7886
4086.108,20.481,12.418,7.868,12000,17.187,7886
4093.088,20.481,12.418,7.868,12000,17.187,7886
4101.143,20.481,12.418,7.868,12000,17.187,7886
4109.129,20.481,12.418,7.868,12000,17.176,7886
4116.092,20.481,12.418,7.868,12000,17.187,7886
4124.132,20.481,12.418,7.868,12000,17.187,7887
4131.088,20.481,12.418,7.868,12000,17.187,7887
4138.118,20.481,12.418,7.868,12000,17.187,7887
4146.114,20.481,12.418,7.868,12000,17.187,7887
4153.114,20.486,12.418,7.868,12000,17.187,7887
4163.621,20.486,12.418,7.857,12000,17.176,7887
4176.124,20.486,12.418,7.857,12000,17.187,7887
4184.121,20.486,12.418,7.868,12000,17.187,7887
4192.170,20.486,12.418,7.868,12000,17.187,7887
4199.663,20.486,12.418,7.868,12000,17.176,7887
4207.110,20.486,12.418,7.868,12000,17.187,7887
4214.125,20.486,12.418,7.868,12000,17.187,7887
4221.074,20.486,12.418,7.868,12000,17.187,7887
4229.106,20.486,12.418,7.868,12000,17.187,7887
4236.094,20.486,12.418,7.868,12000,17.187,7887
4243.136,20.486,12.418,7.868,12000,17.187,7887
4250.149,20.486,12.418,7.868,12000,17.187,7887
4258.153,20.486,12.418,7.868,12000,17.187,7887
4265.209,20.486,12.418,7.868,12000,17.187,7887
4275.501,20.486,12.418,7.879,12000,17.187,7887
4287.605,20.486,12.418,7.868,12000,17.187,7887
4296.135,20.486,12.418,7.868,12000,17.176,7887
4304.213,20.486,12.418,7.857,12000,17.176,7890
4311.290,20.486,12.418,7.857,12000,17.176,7890
4320.551,20.486,12.418,7.857,12000,17.176,7890
4328.127,20.486,12.418,7.857,12000,17.187,7890
4336.103,20.486,12.418,7.868,12000,17.176,7890
4345.325,20.486,12.418,7.868,12000,17.187,7890
4354.830,20.481,12.407,7.868,12000,17.176,7890
4366.224,20.481,12.407,7.868,12000,17.176,7890
4375.248,20.481,12.407,7.868,12000,17.176,7890
4385.273,20.481,12.407,7.868,12000,17.176,7890
4396.975,20.481,12.418,7.879,12000,17.176,7891
4404.472,20.481,12.418,7.868,12000,17.176,7891
4413.575,20.477,12.418,7.868,12000,17.176,7891
4421.229,20.477,12.407,7.868,12000,17.176,7891
4429.381,20.477,12.407,7.868,12000,17.176,7891
4438.373,20.477,12.407,7.868,12000,17.176,7891
4447.084,20.477,12.407,7.868,12000,17.176,7891
4459.159,20.481,12.407,7.868,12000,17.176,7891
4468.215,20.481,12.418,7.868,12000,17.176,7891
4478.266,20.481,12.407,7.868,12000,17.176,7892
4488.697,20.481,12.407,7.868,12000,17.176,7892
4497.299,20.481,12.407,7.868,12000,17.176,7892
4505.343,20.481,12.407,7.868,12000,17.176,7892
4516.193,20.481,12.407,7.868,12000,17.176,7892
4526.262,20.481,12.407,7.879,12000,17.176,7892
4535.199,20.481,12.407,7.868,12000,17.176,7892
4549.461,20.481,12.418,7.868,12000,17.176,7892
4560.221,20.481,12.418,7.868,12000,17.176,7892
4574.199,20.481,12.418,7.868,12000,17.176,7892
4585.199,20.481,12.418,7.868,12000,17.176,7892
4597.250,20.481,12.407,7.868,12000,17.176,7892
4605.909,20.481,12.407,7.868,12000,17.176,7892
4615.329,20.486,12.407,7.868,12000,17.176,7892
4625.681,20.486,12.407,7.868,12000,17.176,7892
4636.273,20.486,12.407,7.868,12000,17.176,7892
4645.042,20.486,12.407,7.868,12000,17.176,7892
4655.478,20.481,12.407,7.868,12000,17.176,7892
4665.154,20.481,12.418,7.868,12000,17.176,7892
4674.291,20.481,12.407,7.868,12000,17.176,7892
4685.210,20.481,12.407,7.868,12000,17.176,7892
4693.188,20.481,12.407,7.868,12000,17.176,7892
4706.415,20.481,12.407,7.868,12000,17.176,7892
4717.169,20.477,12.407,7.879,12000,17.176,7892
4726.194,20.477,12.407,7.868,12000,17.176,7892
4735.170,20.477,12.407,7.868,12000,17.176,7892
4747.500,20.477,12.407,7.868,12000,17.176,7892
4757.551,20.477,12.407,7.868,12000,17.176,7889
4768.207,20.477,12.407,7.868,12000,17.176,7889
4780.926,20.477,12.407,7.868,12000,17.176,7889
4792.200,20.477,12.407,7.868,12000,17.176,7889
4806.155,20.477,12.407,7.868,12000,17.176,7889
4817.179,20.481,12.418,7.868,12000,17.176,7889
4832.204,20.481,12.407,7.857,12000,17.176,7889
4842.208,20.481,12.407,7.857,12000,17.176,7887
4851.748,20.486,12.407,7.868,12000,17.176,7887
4861.351,20.486,12.418,7.868,12000,17.176,7887
4871.783,20.486,12.407,7.868,12000,17.176,7887
4881.925,20.486,12.407,7.868,12000,17.176,7887
4897.551,20.486,12.407,7.857,12000,17.176,7887
4913.788,20.486,12.407,7.857,12000,17.176,7887
4926.630,20.486,12.418,7.857,12000,17.176,7887
4941.350,20.486,12.418,7.868,12000,17.165,7886
4951.178,20.486,12.418,7.868,12000,17.165,7886
4960.180,20.486,12.418,7.868,12000,17.176,7886
4971.608,20.486,12.418,7.868,12000,17.176,7886
4980.370,20.486,12.418,7.868,12000,17.176,7886
4990.423,20.486,12.418,7.879,12000,17.176,7886
5005.511,20.486,12.418,7.868,12000,17.176,7886
5013.553,20.490,12.418,7.868,12000,17.176,7886
5022.659,20.490,12.407,7.868,12000,17.165,7885
5033.151,20.490,12.407,7.879,12000,17.165,7885
5044.931,20.490,12.407,7.868,12000,17.165,7885
5057.302,20.490,12.407,7.868,12000,17.165,7885
5069.023,20.490,12.418,7.879,12000,17.176,7885
5089.188,20.490,12.418,7.868,12000,17.176,7885
5097.166,20.490,12.407,7.868,12000,17.165,7885
5104.268,20.490,12.407,7.868,12000,17.165,7885
5112.507,20.490,12.407,7.868,12000,17.165,7885
5121.708,20.486,12.407,7.868,12000,17.165,7885
5129.655,20.486,12.407,7.868,12000,17.176,7885
5137.762,20.486,12.407,7.857,12000,17.176,7885
5146.744,20.486,12.418,7.857,12000,17.176,7885
5155.219,20.481,12.418,7.857,12000,17.176,7885
5163.330,20.481,12.407,7.868,12000,17.176,7885
5173.673,20.481,12.407,7.868,12000,17.176,7885
5183.161,20.481,12.407,7.868,12000,17.165,7885
5192.191,20.481,12.407,7.868,12000,17.165,7885
5201.222,20.481,12.407,7.868,12000,17.165,7886
5212.837,20.481,12.407,7.868,12000,17.165,7886
5221.179,20.481,12.396,7.868,12000,17.165,7886
5230.155,20.481,12.396,7.879,12000,17.165,7886
5240.238,20.481,12.418,7.868,12000,17.165,7886
5251.654,20.486,12.418,7.868,12000,17.165,7886
5260.275,20.486,12.418,7.868,12000,17.165,7886
5272.659,20.486,12.407,7.868,12000,17.165,7886
5281.038,20.486,12.407,7.868,12000,17.165,7886
5291.301,20.486,12.407,7.868,12000,17.165,7884
5302.263,20.486,12.407,7.868,12000,17.165,7884
5311.476,20.486,12.418,7.868,12000,17.165,7884
5320.286,20.490,12.418,7.868,12000,17.165,7884
5330.273,20.490,12.418,7.868,12000,17.165,7884
5340.350,20.490,12.418,7.857,12000,17.165,7884
5351.298,20.486,12.418,7.857,12000,17.165,7884
5364.432,20.486,12.418,7.857,12000,17.165,7884
5372.336,20.486,12.418,7.857,12000,17.165,7884
5380.699,20.486,12.418,7.868,12000,17.165,7884
5392.731,20.486,12.407,7.868,12000,17.154,7884
5408.246,20.486,12.407,7.868,12000,17.165,7884
5418.236,20.481,12.407,7.868,12000,17.154,7884
5427.376,20.481,12.407,7.879,12000,17.154,7884
5438.083,20.481,12.418,7.868,12000,17.154,7884
5447.221,20.481,12.418,7.868,12000,17.165,7884
5455.351,20.481,12.418,7.868,12000,17.165,7884
5472.347,20.481,12.407,7.868,12000,17.165,7884
5480.128,20.481,12.418,7.868,12000,17.165,7884
5488.814,20.481,12.418,7.857,12000,17.165,7884
5498.132,20.481,12.418,7.857,12000,17.165,7884
5507.309,20.481,12.418,7.868,12000,17.165,7884
5519.580,20.481,12.418,7.857,12000,17.165,7884
5530.274,20.481,12.418,7.868,12000,17.165,7884
5539.070,20.481,12.407,7.868,12000,17.165,7884
5551.171,20.481,12.407,7.879,12000,17.165,7884
5565.136,20.481,12.407,7.868,12000,17.165,7884
5575.294,20.481,12.407,7.868,12000,17.165,7884
5589.055,20.481,12.407,7.868,12000,17.165,7884
5598.322,20.481,12.407,7.868,12000,17.154,7884
5610.292,20.481,12.407,7.857,12000,17.154,7884
5621.631,20.481,12.407,7.857,12000,17.154,7884
5630.299,20.481,12.418,7.857,12000,17.154,7884
5638.284,20.481,12.407,7.857,12000,17.154,7884
5649.287,20.481,12.407,7.857,12000,17.154,7885
5659.398,20.481,12.407,7.868,12000,17.154,7885
5668.195,20.481,12.407,7.868,12000,17.165,7885
5678.554,20.481,12.407,7.868,12000,17.154,7885
5691.421,20.481,12.407,7.868,12000,17.154,7885
5700.218,20.481,12.407,7.868,12000,17.165,7885
5709.307,20.481,12.407,7.857,12000,17.165,7885
5718.264,20.486,12.407,7.857,12000,17.154,7885
5728.515,20.486,12.407,7.868,12000,17.154,7885
5737.996,20.486,12.407,7.868,12000,17.154,7885
5747.439,20.486,12.407,7.868,12000,17.154,7885
5758.348,20.486,12.407,7.857,12000,17.154,7885
5768.234,20.486,12.407,7.857,12000,17.154,7885
5777.319,20.486,12.407,7.857,12000,17.154,7885
5788.871,20.486,12.407,7.857,12000,17.154,7885
5798.415,20.486,12.407,7.857,12000,17.154,7885
5809.197,20.486,12.407,7.857,12000,17.154,7885
5817.222,20.481,12.407,7.857,12000,17.154,7885
5827.269,20.481,12.407,7.868,12000,17.165,7886
5841.776,20.481,12.407,7.868,12000,17.165,7886
5850.301,20.481,12.407,7.868,12000,17.154,7886
5861.485,20.481,12.407,7.868,12000,17.165,7886
5872.603,20.481,12.407,7.868,12000,17.154,7886
5884.242,20.481,12.418,7.868,12000,17.154,7886
5892.256,20.481,12.418,7.868,12000,17.154,7886
5902.275,20.481,12.418,7.868,12000,17.154,7886
5911.443,20.481,12.407,7.868,12000,17.154,7886
5921.793,20.486,12.407,7.868,12000,17.154,7888
5932.323,20.486,12.407,7.857,12000,17.154,7888
5940.315,20.486,12.407,7.868,12000,17.154,7888
5951.269,20.486,12.407,7.868,12000,17.154,7888
5961.433,20.486,12.418,7.868,12000,17.154,7888
5970.320,20.486,12.418,7.868,12000,17.154,7888
5983.289,20.486,12.407,7.868,12000,17.154,7888
5998.289,20.486,12.407,7.868,12000,17.154,7888
6010.042,20.486,12.407,7.868,12000,17.154,7889
6019.439,20.477,12.407,7.868,12000,17.154,7889
6028.612,20.477,12.407,7.868,12000,17.154,7889
6038.987,20.477,12.407,7.868,12000,17.154,7889
6049.197,20.477,12.407,7.868,12000,17.154,7889
6060.249,20.486,12.407,7.868,12000,17.154,7889
6084.679,20.486,12.407,7.857,12000,17.154,7889
6100.229,20.486,12.407,7.868,12000,17.154,7888
6107.263,20.486,12.418,7.857,12000,17.154,7888
6114.246,20.490,12.418,7.857,12000,17.154,7888
6123.236,20.490,12.418,7.857,12000,17.154,7888
6131.244,20.490,12.418,7.857,12000,17.154,7888
6139.341,20.490,12.407,7.868,12000,17.154,7888
6149.205,20.490,12.407,7.857,12000,17.154,7888
6157.365,20.481,12.407,7.857,12000,17.154,7888
6167.205,20.481,12.407,7.868,12000,17.154,7888
6176.314,20.481,12.407,7.868,12000,17.154,7888
6186.287,20.481,12.418,7.868,12000,17.154,7886
6198.721,20.481,12.418,7.868,12000,17.154,7886
6209.231,20.481,12.407,7.868,12000,17.154,7886
6222.355,20.477,12.407,7.868,12000,17.154,7886
6230.480,20.477,12.407,7.868,12000,17.154,7886
6240.254,20.477,12.407,7.868,12000,17.154,7886
6250.278,20.477,12.407,7.868,12000,17.154,7886
6260.445,20.477,12.407,7.868,12000,17.154,7886
6271.234,20.477,12.407,7.868,12000,17.154,7886
6285.303,20.477,12.407,7.868,12000,17.154,7886
6296.434,20.477,12.407,7.857,12000,17.154,7886
6306.102,20.477,12.407,7.857,12000,17.154,7886
6317.350,20.481,12.407,7.868,12000,17.154,7886
6326.314,20.481,12.407,7.868,12000,17.154,7886
6336.317,20.481,12.407,7.868,12000,17.154,7886
6348.854,20.481,12.407,7.868,12000,17.154,7886
6358.354,20.481,12.407,7.879,12000,17.154,7886
6372.567,20.481,12.407,7.868,12000,17.154,7886
6383.366,20.481,12.407,7.868,12000,17.154,7886
6398.705,20.481,12.418,7.868,12000,17.154,7886
6419.943,20.481,12.418,7.879,12000,17.154,7886
6431.233,20.477,12.407,7.868,12000,17.154,7886
6438.318,20.477,12.407,7.868,12000,17.154,7886
6446.657,20.477,12.407,7.868,12000,17.154,7886
6455.356,20.477,12.396,7.879,12000,17.154,7885
6463.824,20.477,12.396,7.868,12000,17.154,7885
6473.263,20.477,12.396,7.868,12000,17.154,7885
6485.368,20.477,12.396,7.868,12000,17.154,7885
6497.859,20.477,12.396,7.868,12000,17.154,7885
6507.469,20.477,12.407,7.868,12000,17.154,7885
6517.323,20.477,12.407,7.868,12000,17.154,7885
6526.358,20.477,12.407,7.868,12000,17.154,7885
6536.311,20.477,12.407,7.868,12000,17.154,7885
6547.701,20.477,12.407,7.868,12000,17.154,7885
6559.253,20.477,12.407,7.868,12000,17.154,7885
6569.538,20.477,12.407,7.868,12000,17.154,7885
6584.240,20.477,12.407,7.879,12000,17.154,7885
6607.794,20.477,12.407,7.868,12000,17.154,7885
6616.292,20.481,12.407,7.868,12000,17.154,7885
6626.395,20.481,12.407,7.868,12000,17.154,7885
6636.409,20.481,12.407,7.868,12000,17.154,7885
6644.692,20.481,12.407,7.868,12000,17.154,7885
6653.381,20.486,12.407,7.868,12000,17.154,7885
6663.360,20.486,12.407,7.868,12000,17.154,7885
6671.471,20.486,12.407,7.868,12000,17.154,7885
6682.266,20.486,12.396,7.868,12000,17.154,7885
6692.269,20.486,12.396,7.868,12000,17.154,7885
6701.342,20.486,12.407,7.868,12000,17.154,7885
6711.566,20.486,12.407,7.868,12000,17.154,7885
6722.829,20.481,12.407,7.868,12000,17.154,7885
6732.260,20.481,12.407,7.868,12000,17.154,7885
6742.273,20.481,12.407,7.857,12000,17.154,7885
6755.108,20.481,12.407,7.868,12000,17.154,7885
6766.326,20.481,12.407,7.868,12000,17.154,7885
6776.301,20.481,12.407,7.868,12000,17.154,7885
6785.300,20.481,12.407,7.868,12000,17.154,7885
6795.303,20.481,12.407,7.868,12000,17.154,7885
6808.350,20.481,12.407,7.868,12000,17.154,7885
6818.372,20.486,12.407,7.868,12000,17.154,7884
6830.088,20.486,12.407,7.868,12000,17.154,7884
6838.498,20.486,12.407,7.868,12000,17.154,7884
6847.187,20.486,12.407,7.868,12000,17.154,7884
6863.301,20.486,12.407,7.879,12000,17.154,7884
6871.742,20.486,12.407,7.868,12000,17.154,7884
6880.518,20.486,12.407,7.868,12000,17.154,7884
6888.333,20.486,12.407,7.868,12000,17.154,7884
6896.850,20.486,12.407,7.868,12000,17.154,7884
6909.336,20.486,12.407,7.868,12000,17.154,7883
6919.572,20.490,12.407,7.868,12000,17.154,7883
6931.836,20.490,12.407,7.868,12000,17.154,7883
6940.352,20.490,12.407,7.868,12000,17.154,7883
6952.310,20.486,12.407,7.868,12000,17.154,7883
6964.361,20.486,12.407,7.868,12000,17.154,7883
6975.361,20.486,12.407,7.868,12000,17.154,7883
6985.245,20.486,12.407,7.868,12000,17.154,7883
6996.784,20.486,12.407,7.868,12000,17.154,7882
7007.264,20.486,12.407,7.868,12000,17.154,7882
7019.535,20.477,12.407,7.868,12000,17.154,7882
7028.690,20.477,12.407,7.857,12000,17.154,7882
7040.312,20.477,12.407,7.857,12000,17.154,7882
7052.309,20.477,12.407,7.868,12000,17.154,7882
7074.566,20.477,12.407,7.868,12000,17.154,7882
7091.939,20.477,12.407,7.868,12000,17.154,7883
7101.278,20.477,12.407,7.868,12000,17.154,7883
7110.519,20.477,12.407,7.868,12000,17.154,7883
7118.207,20.481,12.407,7.868,12000,17.154,7883
7125.366,20.481,12.407,7.857,12000,17.154,7883
7133.280,20.481,12.407,7.857,12000,17.154,7883
7141.515,20.481,12.407,7.857,12000,17.154,7883
7149.441,20.486,12.407,7.868,12000,17.154,7883
7158.435,20.486,12.407,7.868,12000,17.154,7883
7167.500,20.486,12.407,7.868,12000,17.154,7883
7178.384,20.486,12.407,7.857,12000,17.154,7884
7189.226,20.486,12.407,7.857,12000,17.154,7884
7196.271,20.486,12.396,7.868,12000,17.154,7884
7204.648,20.486,12.396,7.868,12000,17.154,7884
7213.238,20.486,12.407,7.868,12000,17.154,7884
7221.297,20.486,12.407,7.868,12000,17.154,7884
7232.307,20.486,12.407,7.857,12000,17.154,7884
7243.873,20.486,12.407,7.868,12000,17.154,7884
7252.287,20.481,12.407,7.868,12000,17.154,7884
7262.277,20.481,12.407,7.868,12000,17.154,7885
7272.302,20.481,12.407,7.868,12000,17.154,7885
7284.935,20.481,12.407,7.868,12000,17.154,7885
7295.249,20.481,12.407,7.868,12000,17.154,7885
7304.370,20.481,12.407,7.857,12000,17.154,7885
7315.473,20.481,12.407,7.857,12000,17.154,7885
7326.529,20.481,12.407,7.857,12000,17.154,7885
7334.834,20.481,12.407,7.857,12000,17.154,7885
7344.418,20.481,12.407,7.857,12000,17.154,7885
7355.365,20.486,12.407,7.868,12000,17.154,7885
7370.448,20.486,12.407,7.868,12000,17.154,7885
7379.381,20.486,12.407,7.868,12000,17.154,7885
7389.439,20.486,12.407,7.868,12000,17.154,7885
7400.660,20.486,12.407,7.868,12000,17.154,7885
7415.741,20.486,12.407,7.868,12000,17.143,7885
7425.514,20.490,12.407,7.868,12000,17.154,7885
7434.070,20.490,12.407,7.868,12000,17.154,7885
7445.339,20.490,12.407,7.868,12000,17.154,7888
7455.339,20.490,12.407,7.857,12000,17.154,7888
7465.335,20.490,12.407,7.857,12000,17.154,7888
7478.725,20.490,12.407,7.857,12000,17.143,7888
7487.359,20.490,12.407,7.868,12000,17.154,7888
7498.285,20.490,12.407,7.857,12000,17.143,7888
7512.442,20.490,12.407,7.857,12000,17.143,7888
7525.352,20.481,12.407,7.868,12000,17.143,7888
7533.224,20.481,12.407,7.868,12000,17.143,7888
7541.312,20.481,12.396,7.868,12000,17.143,7888
7549.614,20.477,12.396,7.868,12000,17.143,7888
7557.194,20.477,12.396,7.868,12000,17.143,7888
7565.505,20.477,12.396,7.868,12000,17.143,7888
7573.275,20.477,12.396,7.868,12000,17.143,7888
7580.222,20.477,12.396,7.868,12000,17.143,7888
7588.225,20.477,12.396,7.868,12000,17.143,7888
7596.273,20.477,12.396,7.868,12000,17.143,7888
7604.317,20.477,12.407,7.868,12000,17.143,7888
7613.267,20.481,12.396,7.868,12000,17.143,7888
7627.338,20.481,12.396,7.868,12000,17.143,7888
7636.288,20.481,12.407,7.868,12000,17.143,7888
7646.357,20.481,12.407,7.868,12000,17.143,7888
7655.390,20.481,12.407,7.868,12000,17.143,7888
7665.364,20.481,12.407,7.857,12000,17.143,7888
7676.074,20.481,12.407,7.857,12000,17.143,7888
7684.362,20.481,12.407,7.868,12000,17.143,7888
7693.171,20.481,12.407,7.857,12000,17.143,7888
7701.403,20.481,12.407,7.857,12000,17.143,7888
7710.405,20.481,12.407,7.857,12000,17.143,7888
7719.294,20.477,12.407,7.857,12000,17.143,7887
7728.369,20.477,12.407,7.857,12000,17.143,7887
7739.320,20.477,12.407,7.868,12000,17.143,7887
7748.762,20.477,12.407,7.868,12000,17.143,7887
7757.396,20.477,12.407,7.857,12000,17.143,7887
7765.499,20.477,12.396,7.857,12000,17.143,7887
7775.392,20.477,12.396,7.857,12000,17.143,7887
7784.102,20.477,12.407,7.857,12000,17.143,7887
7792.880,20.477,12.407,7.868,12000,17.154,7887
7801.462,20.477,12.407,7.868,12000,17.143,7885
7815.384,20.477,12.407,7.868,12000,17.143,7885
7826.728,20.481,12.407,7.868,12000,17.154,7885
7837.373,20.481,12.407,7.868,12000,17.154,7885
7848.483,20.481,12.407,7.868,12000,17.143,7885
7860.060,20.481,12.396,7.868,12000,17.143,7885
7868.627,20.481,12.396,7.868,12000,17.143,7885
7884.522,20.481,12.407,7.868,12000,17.143,7885
7895.654,20.481,12.407,7.857,12000,17.143,7887
7906.455,20.481,12.407,7.857,12000,17.143,7887
7915.598,20.477,12.407,7.857,12000,17.143,7887
7925.966,20.477,12.407,7.868,12000,17.143,7887
7934.391,20.477,12.407,7.868,12000,17.143,7887
7952.112,20.477,12.407,7.857,12000,17.143,7887
7960.427,20.481,12.407,7.868,12000,17.143,7887
7971.449,20.481,12.407,7.868,12000,17.143,7887
7984.427,20.481,12.407,7.868,12000,17.143,7889
7993.034,20.481,12.407,7.868,12000,17.154,7889
8001.831,20.481,12.407,7.879,12000,17.154,7889
8014.346,20.481,12.407,7.868,12000,17.143,7889
8025.543,20.486,12.407,7.879,12000,17.143,7889
8034.150,20.486,12.407,7.868,12000,17.143,7889
8047.318,20.486,12.396,7.868,12000,17.143,7889
8056.386,20.481,12.396,7.868,12000,17.143,7889
8071.339,20.481,12.396,7.868,12000,17.143,7890
8081.381,20.481,12.407,7.857,12000,17.143,7890
8090.335,20.481,12.396,7.857,12000,17.143,7890
8104.286,20.481,12.396,7.857,12000,17.143,7890
8114.306,20.481,12.396,7.868,12000,17.143,7890
8121.471,20.481,12.396,7.868,12000,17.143,7890
8131.326,20.481,12.396,7.868,12000,17.143,7890
8138.426,20.481,12.396,7.857,12000,17.143,7890
8149.595,20.481,12.396,7.857,12000,17.143,7890
8159.344,20.486,12.407,7.868,12000,17.143,7890
8168.282,20.486,12.407,7.868,12000,17.143,7889
8177.765,20.486,12.407,7.868,12000,17.143,7889
8193.432,20.486,12.407,7.868,12000,17.143,7889
8206.428,20.486,12.407,7.868,12000,17.143,7889
8218.355,20.490,12.396,7.868,12000,17.143,7889
8231.335,20.490,12.407,7.868,12000,17.143,7889
8246.355,20.490,12.407,7.868,12000,17.143,7889
8254.889,20.486,12.407,7.868,12000,17.143,7887
8263.381,20.486,12.407,7.868,12000,17.143,7887
8274.323,20.486,12.407,7.868,12000,17.143,7887
8283.425,20.486,12.396,7.868,12000,17.143,7887
8294.519,20.486,12.396,7.868,12000,17.143,7887
8303.432,20.486,12.407,7.868,12000,17.143,7887
8313.959,20.486,12.396,7.868,12000,17.143,7887
8327.246,20.486,12.396,7.868,12000,17.143,7887
8338.443,20.486,12.396,7.868,12000,17.143,7887
8347.438,20.486,12.407,7.868,12000,17.143,7885
8357.471,20.490,12.396,7.857,12000,17.143,7885
8369.461,20.490,12.396,7.857,12000,17.143,7885
8384.552,20.490,12.407,7.868,12000,17.143,7885
8397.443,20.490,12.407,7.868,12000,17.154,7885
8407.264,20.490,12.407,7.868,12000,17.143,7885
8424.384,20.486,12.407,7.868,12000,17.143,7885
8433.417,20.486,12.396,7.868,12000,17.154,7884
8444.901,20.486,12.396,7.879,12000,17.154,7884
8454.895,20.481,12.407,7.868,12000,17.154,7884
8464.041,20.481,12.407,7.868,12000,17.154,7884
8473.321,20.481,12.407,7.868,12000,17.143,7884
8482.350,20.481,12.396,7.868,12000,17.143,7884
8492.425,20.481,12.396,7.879,12000,17.143,7884
8502.308,20.481,12.407,7.868,12000,17.143,7884
8513.512,20.481,12.396,7.868,12000,17.143,7884
8522.686,20.481,12.396,7.868,12000,17.143,7884
8530.504,20.481,12.396,7.868,12000,17.143,7884
8542.333,20.481,12.396,7.868,12000,17.143,7884
8555.258,20.486,12.407,7.857,12000,17.143,7884
8563.605,20.486,12.407,7.868,12000,17.143,7884
8575.588,20.486,12.407,7.868,12000,17.143,7884
8592.347,20.486,12.396,7.868,12000,17.143,7884
8601.322,20.486,12.407,7.857,12000,17.143,7884
8615.040,20.486,12.407,7.857,12000,17.143,7886
8632.180,20.486,12.407,7.868,12000,17.143,7886
8642.413,20.486,12.396,7.868,12000,17.143,7886
8655.191,20.481,12.396,7.868,12000,17.143,7886
8663.372,20.481,12.396,7.868,12000,17.143,7886
8671.775,20.481,12.396,7.857,12000,17.143,7886
8679.905,20.481,12.396,7.857,12000,17.143,7886
8695.113,20.481,12.407,7.879,12000,17.154,7886
8705.030,20.481,12.407,7.868,12000,17.154,7887
8713.390,20.481,12.407,7.868,12000,17.154,7887
8725.639,20.481,12.396,7.857,12000,17.143,7887
8736.584,20.481,12.396,7.857,12000,17.143,7887
8751.333,20.481,12.396,7.868,12000,17.143,7887
8764.312,20.481,12.396,7.868,12000,17.143,7887
8775.340,20.481,12.407,7.868,12000,17.143,7887
8784.371,20.481,12.396,7.868,12000,17.143,7887
8795.392,20.481,12.396,7.868,12000,17.143,7888
8805.336,20.481,12.396,7.868,12000,17.143,7888
8817.312,20.481,12.396,7.868,12000,17.143,7888
8826.421,20.481,12.396,7.868,12000,17.143,7888
8836.394,20.481,12.396,7.868,12000,17.143,7888
8846.545,20.481,12.396,7.868,12000,17.143,7888
8855.487,20.481,12.396,7.868,12000,17.143,7888
8867.282,20.481,12.396,7.868,12000,17.143,7888
8880.913,20.481,12.396,7.868,12000,17.143,7890
8893.352,20.481,12.407,7.868,12000,17.143,7890
8905.771,20.481,12.407,7.879,12000,17.143,7890
8913.549,20.481,12.407,7.868,12000,17.143,7890
8921.489,20.481,12.396,7.868,12000,17.143,7890
8929.935,20.481,12.396,7.868,12000,17.143,7890
8938.758,20.481,12.396,7.868,12000,17.143,7890
8952.352,20.481,12.396,7.868,12000,17.143,7890
8964.560,20.481,12.396,7.868,12000,17.143,7890
8972.982,20.481,12.396,7.868,12000,17.143,7891
8981.501,20.481,12.396,7.868,12000,17.143,7891
8992.289,20.481,12.396,7.857,12000,17.143,7891
9001.419,20.481,12.396,7.857,12000,17.143,7891
9017.428,20.481,12.396,7.857,12000,17.143,7891
9026.479,20.481,12.396,7.857,12000,17.143,7891
9036.486,20.481,12.396,7.857,12000,17.143,7891
9048.319,20.481,12.396,7.857,12000,17.143,7891
9059.530,20.486,12.396,7.857,12000,17.143,7889
9080.327,20.486,12.396,7.868,12000,17.143,7889
9091.618,20.486,12.396,7.868,12000,17.143,7889
9101.439,20.486,12.396,7.868,12000,17.143,7889
9110.389,20.486,12.396,7.868,12000,17.143,7889
9120.301,20.486,12.396,7.868,12000,17.143,7889
9129.366,20.486,12.396,7.868,12000,17.143,7889
9145.156,20.486,12.396,7.868,12000,17.143,7889
9154.530,20.486,12.396,7.868,12000,17.143,7887
9164.466,20.486,12.396,7.857,12000,17.143,7887
9172.405,20.486,12.396,7.857,12000,17.143,7887
9186.695,20.486,12.396,7.868,12000,17.143,7887
9197.344,20.486,12.396,7.868,12000,17.143,7887
9206.316,20.486,12.396,7.868,12000,17.143,7887
9214.419,20.481,12.396,7.857,12000,17.143,7887
9222.312,20.481,12.396,7.857,12000,17.143,7887
9230.483,20.481,12.396,7.868,12000,17.143,7887
9238.362,20.481,12.407,7.868,12000,17.143,7887
9254.450,20.481,12.396,7.868,12000,17.143,7886
9264.389,20.481,12.396,7.857,12000,17.143,7886
9278.538,20.481,12.396,7.857,12000,17.143,7886
9287.411,20.481,12.396,7.868,12000,17.143,7886
9296.423,20.481,12.396,7.868,12000,17.143,7886
9304.502,20.481,12.396,7.868,12000,17.143,7886
9317.326,20.481,12.407,7.868,12000,17.143,7886
9325.984,20.481,12.396,7.868,12000,17.143,7886
9334.841,20.481,12.396,7.868,12000,17.143,7887
9345.617,20.481,12.396,7.868,12000,17.143,7887
9355.504,20.477,12.396,7.857,12000,17.143,7887
9368.459,20.477,12.396,7.857,12000,17.143,7887
9381.560,20.477,12.396,7.857,12000,17.143,7887
9400.978,20.477,12.407,7.857,12000,17.132,7887
9412.332,20.477,12.396,7.857,12000,17.143,7887
9425.480,20.481,12.385,7.857,12000,17.143,7889
9432.907,20.481,12.396,7.857,12000,17.143,7889
9440.383,20.481,12.396,7.857,12000,17.143,7889
9449.269,20.481,12.396,7.868,12000,17.143,7889
9460.096,20.481,12.396,7.868,12000,17.143,7889
9470.450,20.481,12.396,7.868,12000,17.132,7889
9480.556,20.481,12.396,7.868,12000,17.143,7889
9492.760,20.481,12.385,7.868,12000,17.143,7889
9503.457,20.481,12.385,7.868,12000,17.132,7889
9513.464,20.481,12.396,7.868,12000,17.132,7889
9525.776,20.477,12.396,7.868,12000,17.132,7889
9534.644,20.477,12.396,7.868,12000,17.143,7889
9546.631,20.477,12.396,7.868,12000,17.132,7889
9555.640,20.477,12.396,7.857,12000,17.132,7889
9568.895,20.477,12.396,7.857,12000,17.132,7889
9577.524,20.477,12.396,7.857,12000,17.132,7889
9587.805,20.477,12.407,7.857,12000,17.132,7889
9598.827,20.477,12.407,7.868,12000,17.132,7890
9608.867,20.477,12.407,7.868,12000,17.132,7890
9619.533,20.481,12.385,7.868,12000,17.132,7890
9629.491,20.481,12.385,7.868,12000,17.132,7890
9638.423,20.481,12.396,7.868,12000,17.143,7890
9652.519,20.481,12.396,7.868,12000,17.143,7890
9662.443,20.486,12.396,7.868,12000,17.132,7890
9677.186,20.486,12.396,7.868,12000,17.132,7890
9686.433,20.486,12.385,7.868,12000,17.132,7890
9696.401,20.486,12.385,7.868,12000,17.132,7888
9705.368,20.486,12.385,7.868,12000,17.132,7888
9718.196,20.490,12.396,7.868,12000,17.132,7888
9735.337,20.490,12.396,7.857,12000,17.132,7888
9746.410,20.490,12.396,7.868,12000,17.132,7888
9756.370,20.486,12.396,7.868,12000,17.132,7888
9765.620,20.486,12.396,7.868,12000,17.132,7888
9773.681,20.486,12.396,7.857,12000,17.132,7888
9782.554,20.486,12.396,7.857,12000,17.132,7885
9794.398,20.486,12.396,7.868,12000,17.132,7885
9803.392,20.486,12.396,7.857,12000,17.132,7885
9814.378,20.486,12.407,7.857,12000,17.132,7885
9823.745,20.477,12.407,7.857,12000,17.132,7885
9832.545,20.477,12.407,7.857,12000,17.132,7885
9842.158,20.477,12.396,7.868,12000,17.132,7885
9851.689,20.477,12.396,7.868,12000,17.132,7885
9862.489,20.477,12.396,7.868,12000,17.132,7885
9873.621,20.477,12.396,7.868,12000,17.143,7884
9882.526,20.477,12.396,7.868,12000,17.143,7884
9895.464,20.477,12.396,7.868,12000,17.143,7884
9922.651,20.477,12.396,7.879,12000,17.143,7884
9934.628,20.477,12.396,7.868,12000,17.143,7884
9944.638,20.477,12.385,7.857,12000,17.143,7884
9955.797,20.481,12.385,7.857,12000,17.143,7884
9966.802,20.481,12.396,7.857,12000,17.143,7886
9975.691,20.481,12.396,7.857,12000,17.143,7886
9984.570,20.481,12.385,7.857,12000,17.143,7886
9995.390,20.481,12.385,7.868,12000,17.143,7886
10004.357,20.481,12.396,7.868,12000,17.143,7886
10014.409,20.486,12.396,7.857,4000,17.143,7886
10029.378,20.486,12.396,7.857,16000,17.143,7886
10039.463,20.486,12.396,7.857,16000,17.143,7886
10050.560,20.486,12.396,7.692,16000,17.143,7886
10059.739,20.481,12.165,7.692,16000,17.066,7886
10073.613,20.481,12.165,8.934,16000,16.824,7886
10081.384,20.481,11.978,9.066,16000,16.604,7886
10095.366,20.481,11.879,10.286,16000,16.330,7886
10105.401,20.481,11.879,10.286,16000,16.077,7886
10113.396,20.481,12.022,10.209,16000,15.791,7886
10122.575,20.481,12.022,10.066,16000,15.516,7886
10131.445,20.481,12.022,10.066,16000,15.220,7886
10141.228,20.481,12.121,9.879,16000,14.912,8041
10155.454,20.472,12.143,9.879,16000,14.374,8041
10164.452,20.472,12.143,10.022,16000,14.143,8041
10179.718,20.472,12.143,10.022,16000,14.033,8041
10190.541,20.472,12.242,10.044,16000,13.945,8041
10200.927,20.472,12.253,10.055,16000,13.956,8041
10209.662,20.472,12.319,10.055,16000,14.011,8041
10221.529,20.472,12.319,10.143,16000,14.088,8041
10231.423,20.472,12.352,10.143,16000,14.187,9107
10243.437,20.472,12.352,10.143,16000,14.374,9107
10255.406,20.476,12.352,10.143,16000,14.780,9107
10264.384,20.476,12.341,9.956,16000,14.934,9107
10276.219,20.476,12.341,9.956,16000,14.934,9107
10287.395,20.476,12.330,9.956,16000,15.165,9107
10296.504,20.476,12.330,9.780,16000,15.231,9107
10306.479,20.476,12.341,9.758,16000,15.253,9107
10320.433,20.476,12.341,9.736,16000,15.253,6583
10329.483,20.476,12.341,9.736,16000,15.264,6583
10339.343,20.476,12.319,9.714,16000,15.187,6583
10353.446,20.476,12.308,9.714,16000,15.132,6583
10364.411,20.481,12.286,9.868,16000,15.033,6583
10372.451,20.481,12.286,9.868,16000,14.956,6583
10381.515,20.481,12.319,9.879,16000,14.890,6583
10390.647,20.481,12.319,9.879,16000,14.846,6583
10400.949,20.481,12.319,9.879,16000,14.802,6583
10409.524,20.481,12.330,9.857,16000,14.769,6645
10417.538,20.486,12.330,9.857,16000,14.758,6645
10430.271,20.486,12.330,9.868,16000,14.758,6645
10446.486,20.486,12.330,9.890,16000,14.758,6645
10454.391,20.476,12.330,9.901,16000,14.758,6645
10461.520,20.476,12.330,9.901,16000,14.780,6645
10470.449,20.476,12.330,9.901,16000,14.802,6645
10478.365,20.476,12.330,9.901,16000,14.802,6645
10486.392,20.476,12.330,9.923,16000,14.824,6645
10495.495,20.476,12.330,9.923,16000,14.824,6645
10506.533,20.476,12.330,9.923,16000,14.835,8142
10517.676,20.472,12.330,9.923,16000,14.824,8142
10527.526,20.472,12.330,9.923,16000,14.824,8142
10535.390,20.472,12.330,9.912,16000,14.824,8142
10544.495,20.472,12.330,9.912,16000,14.824,8142
10554.444,20.476,12.341,9.912,16000,14.824,8142
10565.743,20.476,12.330,9.901,16000,14.813,8142
10573.670,20.476,12.330,9.901,16000,14.813,8142
10581.520,20.476,12.330,9.901,16000,14.813,8142
10591.475,20.476,12.330,9.901,16000,14.813,7581
10600.577,20.476,12.330,9.901,16000,14.813,7581
10609.142,20.476,12.341,9.890,16000,14.813,7581
10621.419,20.472,12.341,9.890,16000,14.813,7581
10631.455,20.472,12.330,9.890,16000,14.813,7581
10643.747,20.472,12.330,9.879,16000,14.813,7581
10657.614,20.472,12.330,9.879,16000,14.824,7581
10669.186,20.472,12.330,9.879,16000,14.824,7581
10679.611,20.472,12.330,9.890,16000,14.824,7661
10696.284,20.472,12.330,9.879,16000,14.824,7661
10705.518,20.472,12.330,9.879,16000,14.824,7661
10717.384,20.476,12.330,9.868,16000,14.824,7661
10727.565,20.476,12.330,9.868,16000,14.824,7661
10735.426,20.476,12.330,9.868,16000,14.824,7661
10746.556,20.476,12.330,9.868,16000,14.824,7661
10759.196,20.476,12.319,9.857,16000,14.824,7661
10767.411,20.476,12.319,9.857,16000,14.824,7702
10776.777,20.476,12.330,9.857,16000,14.824,7702
10786.392,20.476,12.330,9.857,16000,14.824,7702
10796.469,20.476,12.330,9.857,16000,14.824,7702
10806.581,20.476,12.319,9.846,16000,14.824,7702
10817.808,20.481,12.330,9.846,16000,14.824,7702
10828.783,20.481,12.330,9.846,16000,14.824,7702
10838.498,20.481,12.330,9.835,16000,14.824,7702
10847.428,20.481,12.330,9.835,16000,14.824,7702
10857.594,20.481,12.330,9.835,16000,14.824,7693
10871.464,20.481,12.330,9.846,16000,14.824,7693
10881.490,20.481,12.330,9.835,16000,14.824,7693
10890.502,20.481,12.330,9.835,16000,14.824,7693
10909.812,20.481,12.330,9.835,16000,14.824,7693
10919.487,20.472,12.330,9.835,16000,14.824,7693
10931.441,20.472,12.330,9.824,16000,14.824,7693
10942.815,20.472,12.330,9.824,16000,14.824,7693
10960.765,20.477,12.330,9.835,16000,14.824,7688
10969.398,20.477,12.330,9.835,16000,14.824,7688
10978.472,20.477,12.330,9.824,16000,14.824,7688
10987.408,20.477,12.330,9.824,16000,14.824,7688
10997.393,20.477,12.330,9.824,16000,14.824,7688
11010.877,20.477,12.330,9.824,16000,14.824,7688
11021.374,20.477,12.330,9.813,16000,14.824,7688
11032.897,20.477,12.319,9.813,16000,14.824,7688
11050.525,20.477,12.319,9.813,16000,14.824,7682
11059.911,20.467,12.319,9.813,16000,14.824,7682
11080.463,20.467,12.319,9.813,16000,14.824,7682
11098.559,20.467,12.330,9.813,16000,14.824,7682
11106.403,20.467,12.330,9.813,16000,14.824,7682
11114.394,20.472,12.330,9.813,16000,14.824,7682
11122.412,20.472,12.330,9.835,16000,14.824,7682
11130.426,20.472,12.330,9.835,16000,14.802,7676
11138.407,20.472,12.330,9.846,16000,14.802,7676
11147.417,20.472,12.330,9.846,16000,14.802,7676
11155.473,20.525,12.330,9.846,16000,14.802,7676
11163.417,20.525,12.330,9.846,16000,14.802,7676
11171.466,20.525,12.330,9.846,16000,14.802,7676
11184.254,20.525,12.330,9.846,16000,14.813,7676
11194.459,20.525,12.319,9.846,16000,14.813,7676
11204.419,20.525,12.319,9.846,16000,14.813,7676
11212.446,20.525,12.330,9.846,16000,14.813,7676
11222.529,20.521,12.330,9.846,16000,14.813,7684
11231.402,20.521,12.330,9.846,16000,14.813,7684
11243.229,20.521,12.330,9.846,16000,14.813,7684
11253.010,20.477,12.330,9.846,16000,14.813,7684
11262.491,20.477,12.330,9.846,16000,14.813,7684
11272.459,20.477,12.319,9.824,16000,14.813,7684
11281.495,20.477,12.319,9.824,16000,14.813,7684
11292.520,20.477,12.330,9.835,16000,14.813,7684
11300.868,20.477,12.330,9.835,16000,14.813,7684
11309.575,20.477,12.330,9.835,16000,14.813,7741
11318.535,20.477,12.330,9.835,16000,14.802,7741
11325.819,20.477,12.330,9.835,16000,14.813,7741
11334.485,20.477,12.330,9.835,16000,14.802,7741
11342.574,20.477,12.330,9.846,16000,14.813,7741
11350.675,20.467,12.330,9.846,16000,14.813,7741
11361.568,20.467,12.330,9.846,16000,14.802,7741
11372.522,20.467,12.330,9.857,16000,14.802,7741
11381.537,20.467,12.330,9.857,16000,14.802,7741
11393.646,20.467,12.319,9.857,16000,14.802,7741
11404.517,20.467,12.319,9.857,16000,14.802,7783
11417.182,20.467,12.319,9.857,16000,14.802,7783
11425.486,20.472,12.319,9.857,16000,14.802,7783
11433.480,20.472,12.319,9.857,16000,14.802,7783
11444.079,20.472,12.319,9.857,16000,14.802,7783
11453.406,20.481,12.319,9.857,16000,14.813,7783
11460.466,20.481,12.319,9.868,16000,14.813,7783
11471.434,20.481,12.330,9.857,16000,14.813,7783
11478.562,20.481,12.330,9.857,16000,14.813,7783
11488.501,20.481,12.330,9.857,16000,14.813,7812
11500.236,20.481,12.319,9.857,16000,14.813,7812
11508.704,20.481,12.330,9.857,16000,14.813,7812
11519.537,20.486,12.330,9.857,16000,14.813,7812
11528.514,20.486,12.330,9.857,16000,14.813,7812
11538.526,20.486,12.330,9.857,16000,14.813,7812
11547.505,20.486,12.319,9.857,16000,14.813,7812
11556.842,20.481,12.330,9.857,16000,14.813,7812
11565.521,20.481,12.319,9.846,16000,14.813,7812
11573.642,20.481,12.319,9.846,16000,14.813,7812
11581.499,20.481,12.319,9.846,16000,14.813,7839
11593.067,20.481,12.330,9.846,16000,14.813,7839
11601.755,20.481,12.330,9.846,16000,14.813,7839
11611.646,20.481,12.330,9.857,16000,14.813,7839
11621.468,20.481,12.319,9.857,16000,14.813,7839
11631.567,20.481,12.319,9.857,16000,14.813,7839
11643.868,20.481,12.319,9.857,16000,14.813,7839
11651.543,20.476,12.319,9.857,16000,14.813,7839
11659.773,20.476,12.330,9.868,16000,14.813,7839
11668.563,20.476,12.330,9.857,16000,14.813,7848
11678.616,20.476,12.330,9.857,16000,14.813,7848
11689.547,20.476,12.319,9.868,16000,14.813,7848
11703.545,20.476,12.319,9.868,16000,14.813,7848
11713.487,20.476,12.319,9.857,16000,14.813,7848
11726.467,20.472,12.319,9.857,16000,14.813,7848
11734.444,20.472,12.330,9.857,16000,14.813,7848
11742.479,20.472,12.330,9.857,16000,14.813,7848
11753.271,20.472,12.330,9.857,16000,14.813,7848
11762.920,20.472,12.319,9.857,16000,14.802,7867
11772.838,20.472,12.319,9.857,16000,14.813,7867
11781.468,20.472,12.319,9.868,16000,14.802,7867
11790.455,20.472,12.319,9.857,16000,14.813,7867
11799.500,20.472,12.319,9.857,16000,14.813,7867
11808.521,20.472,12.319,9.857,16000,14.802,7867
11817.502,20.472,12.330,9.857,16000,14.802,7867
11826.550,20.472,12.330,9.857,16000,14.802,7867
11836.499,20.472,12.330,9.868,16000,14.802,7867
11844.621,20.472,12.319,9.868,16000,14.802,7883
11853.667,20.472,12.319,9.857,16000,14.802,7883
11863.520,20.472,12.319,9.846,16000,14.802,7883
11872.471,20.472,12.319,9.846,16000,14.802,7883
11880.484,20.472,12.319,9.846,16000,14.802,7883
11892.549,20.472,12.319,9.846,16000,14.802,7883
11901.536,20.472,12.319,9.857,16000,14.802,7883
11910.543,20.472,12.330,9.857,16000,14.802,7883
11919.517,20.467,12.330,9.857,16000,14.802,7883
11928.663,20.467,12.330,9.846,16000,14.802,7883
11939.533,20.467,12.330,9.846,16000,14.802,7878
11951.486,20.477,12.319,9.846,16000,14.802,7878
11964.115,20.477,12.319,9.846,16000,14.802,7878
11976.851,20.477,12.319,9.857,16000,14.802,7878
11990.533,20.477,12.319,9.857,16000,14.802,7878
11999.436,20.477,12.319,9.857,16000,14.802,7878
12011.899,20.477,12.319,9.846,16000,14.802,7878
12023.550,20.481,12.319,9.846,16000,14.802,7878
12035.567,20.481,12.319,9.846,16000,14.791,7878
12046.403,20.481,12.319,9.846,16000,14.791,7878
12055.701,20.476,12.319,9.857,16000,14.791,7878
12065.466,20.476,12.319,9.857,16000,14.791,7878
12080.953,20.476,12.319,9.857,16000,14.791,7878
12094.612,20.476,12.319,9.857,16000,14.791,7878
12109.491,20.476,12.319,9.857,16000,14.791,7878
12117.527,20.476,12.319,9.857,16000,14.791,7882
12125.575,20.476,12.319,9.868,16000,14.791,7882
12133.480,20.476,12.330,9.868,16000,14.791,7882
12141.484,20.476,12.319,9.868,16000,14.791,7882
12149.543,20.476,12.330,9.857,16000,14.791,7882
12164.116,20.476,12.319,9.857,16000,14.791,7882
12174.480,20.476,12.319,9.868,16000,14.791,7882
12183.565,20.476,12.330,9.857,16000,14.791,7882
12195.189,20.476,12.319,9.857,16000,14.791,7882
12205.048,20.476,12.319,9.857,16000,14.791,7881
12216.498,20.476,12.319,9.857,16000,14.791,7881
12226.556,20.476,12.319,9.846,16000,14.791,7881
12242.102,20.476,12.319,9.846,16000,14.791,7881
12251.616,20.472,12.330,9.846,16000,14.780,7881
12261.681,20.472,12.319,9.846,16000,14.780,7881
12271.531,20.472,12.319,9.846,16000,14.780,7881
12282.416,20.472,12.319,9.857,16000,14.780,7881
12293.533,20.472,12.319,9.857,16000,14.780,7878
12301.591,20.472,12.319,9.846,16000,14.780,7878
12311.710,20.472,12.319,9.846,16000,14.780,7878
12321.590,20.472,12.319,9.857,16000,14.780,7878
12330.398,20.472,12.319,9.857,16000,14.780,7878
12338.563,20.472,12.319,9.857,16000,14.780,7878
12346.734,20.472,12.319,9.857,16000,14.780,7878
12358.573,20.476,12.319,9.857,16000,14.780,7878
12372.695,20.476,12.319,9.857,16000,14.780,7878
12384.677,20.476,12.319,9.846,16000,14.780,7878
12397.323,20.476,12.319,9.846,16000,14.780,7878
12408.546,20.476,12.330,9.846,16000,14.780,7878
12418.546,20.481,12.330,9.857,16000,14.780,7878
12427.985,20.481,12.319,9.857,16000,14.780,7878
12440.515,20.481,12.319,9.857,16000,14.780,7878
12450.547,20.481,12.319,9.857,16000,14.780,7878
12460.692,20.481,12.319,9.857,16000,14.780,7878
12471.441,20.481,12.319,9.857,16000,14.780,7878
12484.469,20.481,12.330,9.857,16000,14.780,7878
12502.965,20.481,12.319,9.857,16000,14.780,7878
12513.624,20.481,12.319,9.857,16000,14.769,7878
12521.683,20.476,12.319,9.846,16000,14.769,7878
12529.646,20.476,12.319,9.846,16000,14.769,7878
12540.557,20.476,12.319,9.846,16000,14.769,7878
12550.504,20.472,12.319,9.846,16000,14.769,7878
12560.517,20.472,12.319,9.846,16000,14.769,7878
12569.514,20.472,12.319,9.868,16000,14.769,7877
12580.287,20.472,12.319,9.868,16000,14.769,7877
12590.454,20.472,12.319,9.868,16000,14.769,7877
12601.447,20.472,12.330,9.857,16000,14.769,7877
12613.775,20.472,12.319,9.857,16000,14.769,7877
12621.612,20.476,12.319,9.846,16000,14.769,7877
12629.794,20.476,12.330,9.846,16000,14.769,7877
12637.798,20.476,12.330,9.857,16000,14.769,7877
12646.736,20.476,12.330,9.857,16000,14.769,7877
12655.591,20.476,12.319,9.857,16000,14.758,7876
12663.593,20.476,12.319,9.857,16000,14.758,7876
12671.614,20.476,12.319,9.846,16000,14.758,7876
12680.553,20.476,12.319,9.846,16000,14.769,7876
12688.632,20.476,12.319,9.846,16000,14.758,7876
12696.920,20.476,12.319,9.846,16000,14.758,7876
12705.058,20.476,12.319,9.846,16000,14.769,7876
12713.205,20.467,12.319,9.857,16000,14.769,7876
12722.240,20.467,12.330,9.857,16000,14.758,7876
12732.514,20.467,12.319,9.857,16000,14.758,7876
12743.288,20.467,12.319,9.846,16000,14.758,7877
12759.571,20.472,12.319,9.846,16000,14.758,7877
12769.632,20.472,12.308,9.857,16000,14.758,7877
12781.053,20.472,12.319,9.857,16000,14.758,7877
12789.530,20.472,12.319,9.857,16000,14.758,7877
12801.534,20.472,12.319,9.857,16000,14.758,7877
12813.500,20.472,12.319,9.857,16000,14.758,7877
12822.326,20.476,12.319,9.846,16000,14.758,7877
12829.729,20.476,12.319,9.846,16000,14.747,7877
12842.466,20.476,12.319,9.846,16000,14.758,7880
12856.494,20.472,12.319,9.857,16000,14.758,7880
12864.517,20.472,12.319,9.857,16000,14.758,7880
12875.568,20.472,12.330,9.857,16000,14.758,7880
12885.485,20.472,12.319,9.857,16000,14.758,7880
12894.864,20.472,12.319,9.857,16000,14.769,7880
12905.418,20.472,12.319,9.857,16000,14.758,7880
12913.729,20.472,12.319,9.846,16000,14.758,7880
12921.551,20.472,12.319,9.846,16000,14.758,7882
12930.021,20.472,12.319,9.857,16000,14.758,7882
12938.710,20.472,12.319,9.857,16000,14.758,7882
12948.305,20.472,12.319,9.857,16000,14.758,7882
12959.544,20.476,12.319,9.857,16000,14.758,7882
12973.100,20.476,12.319,9.857,16000,14.769,7882
12983.595,20.476,12.319,9.857,16000,14.769,7882
12993.568,20.476,12.319,9.846,16000,14.769,7882
13005.629,20.476,12.319,9.857,16000,14.769,7882
13020.160,20.476,12.319,9.846,16000,14.758,7884
13031.169,20.476,12.319,9.846,16000,14.758,7884
13043.434,20.476,12.319,9.846,16000,14.758,7884
13055.715,20.472,12.319,9.846,16000,14.758,7884
13064.209,20.472,12.319,9.846,16000,14.769,7884
13080.853,20.472,12.319,9.846,16000,14.758,7884
13105.541,20.472,12.319,9.846,16000,14.758,7887
13115.845,20.467,12.319,9.857,16000,14.758,7887
13124.490,20.467,12.319,9.857,16000,14.758,7887
13132.505,20.467,12.319,9.857,16000,14.758,7887
13139.715,20.467,12.319,9.846,16000,14.758,7887
13147.514,20.467,12.319,9.846,16000,14.758,7887
13155.597,20.472,12.319,9.846,16000,14.758,7887
13165.520,20.472,12.319,9.846,16000,14.758,7887
13175.573,20.472,12.319,9.846,16000,14.758,7887
13188.014,20.472,12.319,9.846,16000,14.758,7887
13195.886,20.472,12.319,9.846,16000,14.758,7891
13203.745,20.472,12.319,9.846,16000,14.758,7891
13211.861,20.472,12.319,9.846,16000,14.747,7891
13219.591,20.472,12.330,9.846,16000,14.747,7891
13227.800,20.472,12.319,9.846,16000,14.747,7891
13235.570,20.472,12.319,9.846,16000,14.758,7891
13248.553,20.472,12.319,9.857,16000,14.747,7891
13264.090,20.477,12.319,9.846,16000,14.747,7891
13273.486,20.477,12.319,9.846,16000,14.747,7891
13284.590,20.477,12.319,9.857,16000,14.747,7891
13301.642,20.477,12.319,9.857,16000,14.747,7891
13310.491,20.477,12.319,9.857,16000,14.747,7891
13319.686,20.481,12.319,9.857,16000,14.747,7891
13329.990,20.481,12.319,9.857,16000,14.747,7891
13338.169,20.481,12.319,9.857,16000,14.747,7891
13347.711,20.481,12.319,9.857,16000,14.747,7891
13360.664,20.476,12.319,9.846,16000,14.747,7891
13371.851,20.476,12.319,9.857,16000,14.747,7892
13383.774,20.476,12.319,9.846,16000,14.747,7892
13393.823,20.476,12.319,9.846,16000,14.747,7892
13406.354,20.476,12.319,9.846,16000,14.747,7892
13418.579,20.472,12.319,9.846,16000,14.747,7892
13430.279,20.472,12.319,9.846,16000,14.747,7892
13438.711,20.472,12.319,9.846,16000,14.747,7892
13450.602,20.472,12.319,9.846,16000,14.747,7892
13461.177,20.477,12.319,9.846,16000,14.747,7893
13471.190,20.477,12.319,9.846,16000,14.747,7893
13480.403,20.477,12.319,9.846,16000,14.747,7893
13488.862,20.477,12.319,9.846,16000,14.747,7893
13496.968,20.477,12.308,9.846,16000,14.747,7893
13505.651,20.477,12.308,9.846,16000,14.747,7893
13523.586,20.481,12.308,9.846,16000,14.736,7893
13534.535,20.481,12.308,9.846,16000,14.736,7893
13543.636,20.481,12.319,9.846,16000,14.747,7893
13557.625,20.476,12.319,9.846,16000,14.736,7893
13568.590,20.476,12.319,9.846,16000,14.736,7893
13578.081,20.476,12.319,9.846,16000,14.736,7893
13592.425,20.476,12.319,9.846,16000,14.736,7893
13605.071,20.476,12.319,9.846,16000,14.736,7893
13612.637,20.476,12.319,9.846,16000,14.736,7893
13622.854,20.476,12.308,9.846,16000,14.736,7893
13630.576,20.476,12.308,9.846,16000,14.736,7893
13640.678,20.476,12.319,9.846,16000,14.736,7892
13650.604,20.476,12.319,9.846,16000,14.736,7892
13660.705,20.476,12.319,9.846,16000,14.736,7892
13672.028,20.476,12.319,9.835,16000,14.736,7892
13679.866,20.476,12.319,9.835,16000,14.736,7892
13688.256,20.476,12.319,9.835,16000,14.736,7892
13697.105,20.476,12.319,9.846,16000,14.736,7892
13704.631,20.476,12.319,9.846,16000,14.736,7892
13713.500,20.476,12.319,9.846,16000,14.736,7892
13721.843,20.472,12.319,9.846,16000,14.736,7892
13731.660,20.472,12.319,9.846,16000,14.736,7890
13739.926,20.472,12.319,9.846,16000,14.736,7890
13753.541,20.472,12.319,9.846,16000,14.736,7890
13763.729,20.472,12.319,9.846,16000,14.736,7890
13779.772,20.472,12.319,9.846,16000,14.736,7890
13791.714,20.472,12.319,9.846,16000,14.736,7890
13801.605,20.472,12.319,9.846,16000,14.736,7890
13814.514,20.472,12.319,9.857,16000,14.736,7890
13825.572,20.476,12.308,9.846,16000,14.736,7888
13835.542,20.476,12.308,9.846,16000,14.736,7888
13847.434,20.476,12.308,9.846,16000,14.736,7888
13855.445,20.476,12.308,9.846,16000,14.736,7888
13863.597,20.476,12.308,9.846,16000,14.736,7888
13873.543,20.476,12.308,9.857,16000,14.736,7888
13883.685,20.476,12.319,9.857,16000,14.736,7888
13897.258,20.476,12.319,9.846,16000,14.725,7888
13909.905,20.476,12.319,9.846,16000,14.725,7888
13919.878,20.476,12.308,9.846,16000,14.725,7888
13930.254,20.476,12.308,9.846,16000,14.725,7888
13944.685,20.476,12.319,9.846,16000,14.725,7888
13955.097,20.472,12.319,9.846,16000,14.725,7888
13963.400,20.472,12.319,9.846,16000,14.725,7888
13972.145,20.472,12.319,9.846,16000,14.725,7888
13981.947,20.472,12.319,9.846,16000,14.725,7888
13991.651,20.472,12.319,9.846,16000,14.725,7888
14006.521,20.472,12.319,9.846,16000,14.725,7886
14014.655,20.472,12.308,9.846,16000,14.725,7886
14024.563,20.472,12.308,9.846,16000,14.725,7886
14047.315,20.472,12.319,9.835,16000,14.725,7886
14058.628,20.476,12.319,9.835,16000,14.725,7886
14065.589,20.476,12.319,9.846,16000,14.725,7886
14075.512,20.476,12.319,9.846,16000,14.725,7886
14085.656,20.476,12.319,9.846,16000,14.725,7886
14099.549,20.476,12.319,9.846,16000,14.725,7887
14109.617,20.476,12.319,9.846,16000,14.725,7887
14120.603,20.476,12.319,9.846,16000,14.725,7887
14129.129,20.476,12.319,9.846,16000,14.725,7887
14136.648,20.476,12.308,9.846,16000,14.725,7887
14146.122,20.476,12.308,9.846,16000,14.725,7887
14155.729,20.481,12.308,9.846,16000,14.725,7887
14166.638,20.481,12.308,9.846,16000,14.725,7887
14176.870,20.481,12.308,9.846,16000,14.725,7887
14197.096,20.481,12.308,9.846,16000,14.725,7890
14205.415,20.481,12.308,9.857,16000,14.725,7890
14218.751,20.477,12.319,9.846,16000,14.725,7890
14230.239,20.477,12.319,9.846,16000,14.725,7890
14237.981,20.477,12.308,9.857,16000,14.725,7890
14246.874,20.477,12.308,9.857,16000,14.725,7890
14260.583,20.472,12.308,9.857,16000,14.725,7890
14270.322,20.472,12.308,9.846,16000,14.725,7890
14279.764,20.472,12.308,9.846,16000,14.725,7890
14288.492,20.472,12.319,9.846,16000,14.725,7890
14308.668,20.472,12.319,9.846,16000,14.736,7890
14323.551,20.476,12.319,9.846,16000,14.725,7890
14335.604,20.476,12.319,9.846,16000,14.725,7890
14344.787,20.476,12.319,9.846,16000,14.725,7890
14355.438,20.476,12.319,9.835,16000,14.725,7890
14370.988,20.476,12.319,9.835,16000,14.725,7889
14380.953,20.476,12.319,9.835,16000,14.714,7889
14389.712,20.476,12.319,9.846,16000,14.725,7889
14400.607,20.476,12.319,9.846,16000,14.725,7889
14415.723,20.476,12.319,9.835,16000,14.714,7889
14424.530,20.472,12.319,9.835,16000,14.714,7889
14434.635,20.472,12.319,9.846,16000,14.714,7889
14447.725,20.472,12.319,9.846,16000,14.725,7889
14458.590,20.472,12.319,9.846,16000,14.714,7889
14467.673,20.472,12.319,9.846,16000,14.714,7889
14479.860,20.472,12.319,9.835,16000,14.714,7889
14488.693,20.472,12.319,9.835,16000,14.714,7889
14498.530,20.472,12.319,9.835,16000,14.714,7889
14509.617,20.472,12.319,9.835,16000,14.714,7889
14522.195,20.481,12.308,9.835,16000,14.714,7889
14530.932,20.481,12.308,9.835,16000,14.714,7889
14538.953,20.481,12.308,9.835,16000,14.714,7888
14551.603,20.481,12.308,9.835,16000,14.714,7888
14567.646,20.476,12.319,9.846,16000,14.714,7888
14579.250,20.476,12.319,9.846,16000,14.714,7888
14590.626,20.476,12.308,9.846,16000,14.714,7888
14599.603,20.476,12.308,9.846,16000,14.714,7888
14613.019,20.476,12.319,9.846,16000,14.714,7888
14624.671,20.472,12.319,9.846,16000,14.714,7888
14633.549,20.472,12.308,9.857,16000,14.714,7888
14642.607,20.472,12.308,9.857,16000,14.714,7888
14654.887,20.481,12.319,9.846,16000,14.714,7888
14664.655,20.481,12.319,9.846,16000,14.714,7888
14674.681,20.481,12.319,9.846,16000,14.714,7888
14684.673,20.481,12.319,9.846,16000,14.714,7888
14696.997,20.481,12.319,9.846,16000,14.714,7888
14708.683,20.481,12.319,9.857,16000,14.714,7888
14718.595,20.477,12.319,9.857,16000,14.714,7888
14728.173,20.477,12.308,9.846,16000,14.725,7888
14738.663,20.477,12.308,9.846,16000,14.714,7888
14748.279,20.477,12.308,9.857,16000,14.714,7888
14759.645,20.477,12.308,9.857,16000,14.714,7888
14771.754,20.477,12.308,9.857,16000,14.714,7888
14780.661,20.477,12.319,9.846,16000,14.714,7888
14790.533,20.477,12.319,9.846,16000,14.714,7888
14800.624,20.477,12.319,9.846,16000,14.714,7888
14819.588,20.477,12.308,9.846,16000,14.714,7890
14830.231,20.481,12.308,9.857,16000,14.714,7890
14840.636,20.481,12.308,9.857,16000,14.714,7890
14851.595,20.476,12.308,9.857,16000,14.703,7890
14861.759,20.476,12.308,9.857,16000,14.703,7890
14872.460,20.476,12.308,9.846,16000,14.714,7890
14880.881,20.476,12.308,9.846,16000,14.714,7890
14888.675,20.476,12.308,9.846,16000,14.703,7890
14897.212,20.476,12.308,9.846,16000,14.703,7890
14913.533,20.476,12.308,9.846,16000,14.703,7889
14921.757,20.476,12.308,9.857,16000,14.703,7889
14934.694,20.476,12.308,9.857,16000,14.703,7889
14945.035,20.476,12.308,9.846,16000,14.703,7889
14958.581,20.476,12.308,9.846,16000,14.703,7889
14968.640,20.476,12.308,9.846,16000,14.703,7889
14980.193,20.476,12.308,9.846,16000,14.703,7889
14988.699,20.476,12.308,9.846,16000,14.714,7887
14996.992,20.476,12.308,9.857,16000,14.714,7887
15007.483,20.476,12.308,9.857,16000,14.703,7887
15023.443,20.476,12.308,9.846,4000,14.703,7887
15037.960,20.476,12.308,9.846,12000,14.714,7887
15049.728,20.476,12.308,9.451,12000,14.736,7887
15063.644,20.481,12.308,9.451,12000,14.890,7887
15081.707,20.481,12.308,8.275,12000,15.220,7878
15097.632,20.481,12.308,7.495,12000,15.747,7878
15109.635,20.481,12.308,7.495,12000,16.077,7878
15118.638,20.477,12.308,7.385,12000,16.407,7878
15139.565,20.477,12.308,7.385,12000,17.033,7878
15146.853,20.477,12.319,7.593,12000,17.242,7878
15154.687,20.481,12.319,7.593,12000,17.374,7878
15161.708,20.481,12.319,7.593,12000,17.484,7878
15173.604,20.481,12.319,7.604,12000,17.505,7142
15183.515,20.481,12.308,7.604,12000,17.505,7142
15192.572,20.481,12.308,7.484,12000,17.440,7142
15201.598,20.481,12.319,7.484,12000,17.297,7142
15210.653,20.481,12.319,7.484,12000,17.165,7142
15220.728,20.481,12.209,7.560,12000,16.934,7142
15229.514,20.481,12.209,7.560,12000,16.758,7142
15237.562,20.481,12.209,7.692,12000,16.615,7142
15248.620,20.481,12.209,7.758,12000,16.516,7142
15259.144,20.477,12.264,7.758,12000,16.440,6690
15268.698,20.477,12.297,7.758,12000,16.418,6690
15280.714,20.477,12.297,7.758,12000,16.407,6690
15289.224,20.477,12.297,7.758,12000,16.407,6690
15300.608,20.477,12.308,7.813,12000,16.429,6690
15308.637,20.477,12.308,7.945,12000,16.495,6690
15325.638,20.481,12.308,7.956,12000,16.604,6690
15335.676,20.481,12.297,7.956,12000,16.681,6690
15348.325,20.481,12.308,8.000,12000,16.758,6690
15358.643,20.481,12.308,7.923,12000,16.824,8893
15379.123,20.481,12.308,7.824,12000,16.846,8893
15389.360,20.481,12.308,7.714,12000,16.846,8893
15398.702,20.481,12.297,7.714,12000,16.846,8893
15410.678,20.481,12.297,7.714,12000,16.813,8893
15422.220,20.481,12.297,7.681,12000,16.802,8893
15435.638,20.481,12.297,7.747,12000,16.791,8893
15445.005,20.481,12.297,7.769,12000,16.780,6779
15461.108,20.481,12.286,7.835,12000,16.780,6779
15472.045,20.481,12.308,7.835,12000,16.791,6779
15479.957,20.481,12.308,7.846,12000,16.791,6779
15488.183,20.481,12.308,7.846,12000,16.791,6779
15497.150,20.481,12.286,7.846,12000,16.791,6779
15507.632,20.481,12.286,7.846,12000,16.791,6779
15517.691,20.481,12.286,7.846,12000,16.780,6779
15529.250,20.481,12.297,7.846,12000,16.769,7498
15539.704,20.481,12.297,7.835,12000,16.769,7498
15551.659,20.481,12.297,7.835,12000,16.780,7498
15560.708,20.481,12.297,7.846,12000,16.780,7498
15573.357,20.481,12.297,7.846,12000,16.791,7498
15588.622,20.481,12.297,7.846,12000,16.791,7498
15599.716,20.481,12.286,7.846,12000,16.791,7498
15613.728,20.481,12.297,7.846,12000,16.791,7498
15621.815,20.481,12.297,7.846,12000,16.791,7567
15630.217,20.481,12.297,7.846,12000,16.791,7567
15638.688,20.481,12.297,7.846,12000,16.791,7567
15646.706,20.481,12.297,7.846,12000,16.791,7567
15664.054,20.481,12.297,7.846,12000,16.780,7567
15673.649,20.481,12.297,7.846,12000,16.780,7567
15684.649,20.481,12.297,7.857,12000,16.780,7567
15693.715,20.481,12.297,7.857,12000,16.780,7567
15702.707,20.481,12.297,7.868,12000,16.780,7567
15710.700,20.481,12.297,7.868,12000,16.780,7583
15722.589,20.477,12.297,7.868,12000,16.769,7583
15731.589,20.477,12.297,7.868,12000,16.780,7583
15738.872,20.477,12.297,7.868,12000,16.780,7583
15747.494,20.477,12.297,7.868,12000,16.780,7583
15758.657,20.472,12.297,7.879,12000,16.780,7583
15767.734,20.472,12.297,7.879,12000,16.780,7583
15776.716,20.472,12.297,7.879,12000,16.780,7583
15785.680,20.472,12.297,7.879,12000,16.780,7583
15796.691,20.472,12.297,7.879,12000,16.780,7560
15807.625,20.472,12.297,7.890,12000,16.780,7560
15816.628,20.476,12.297,7.890,12000,16.780,7560
15825.672,20.476,12.297,7.868,12000,16.780,7560
15844.704,20.476,12.297,7.868,12000,16.780,7560
15856.584,20.481,12.297,7.879,12000,16.780,7560
15865.625,20.481,12.297,7.879,12000,16.780,7560
15875.796,20.481,12.297,7.890,12000,16.780,7560
15885.565,20.481,12.297,7.890,12000,16.780,7563
15896.601,20.481,12.297,7.890,12000,16.780,7563
15905.530,20.481,12.297,7.890,12000,16.780,7563
15915.590,20.481,12.297,7.890,12000,16.780,7563
15924.644,20.481,12.297,7.890,12000,16.780,7563
15933.627,20.481,12.297,7.879,12000,16.780,7563
15943.751,20.481,12.297,7.868,12000,16.780,7563
15960.718,20.486,12.297,7.890,12000,16.780,7563
15972.848,20.486,12.297,7.890,12000,16.780,7563
15982.599,20.486,12.297,7.901,12000,16.780,7577
15993.748,20.486,12.297,7.901,12000,16.780,7577
16005.852,20.486,12.297,7.890,12000,16.780,7577
16013.727,20.490,12.297,7.890,12000,16.780,7577
16022.673,20.490,12.297,7.912,12000,16.780,7577
16033.669,20.490,12.297,7.912,12000,16.780,7577
16043.795,20.490,12.297,7.912,12000,16.780,7577
16056.525,20.486,12.297,7.912,12000,16.780,7577
16065.628,20.486,12.297,7.912,12000,16.780,7584
16076.817,20.486,12.297,7.901,12000,16.780,7584
16107.729,20.486,12.297,7.879,12000,16.780,7584
16126.843,20.481,12.297,7.879,12000,16.780,7584
16139.641,20.481,12.297,7.868,12000,16.780,7584
16149.618,20.481,12.297,7.857,12000,16.780,7584
16158.604,20.481,12.297,7.857,12000,16.780,7586
16166.680,20.481,12.297,7.857,12000,16.780,7586
16175.633,20.481,12.297,7.857,12000,16.780,7586
16184.586,20.481,12.297,7.857,12000,16.780,7586
16196.445,20.481,12.297,7.868,12000,16.780,7586
16207.833,20.481,12.308,7.868,12000,16.780,7586
16217.699,20.481,12.297,7.868,12000,16.780,7586
16225.768,20.481,12.297,7.868,12000,16.780,7586
16234.622,20.481,12.297,7.868,12000,16.780,7586
16243.721,20.481,12.297,7.879,12000,16.780,7586
16253.324,20.481,12.297,7.868,12000,16.780,7538
16263.290,20.481,12.297,7.868,12000,16.780,7538
16272.087,20.481,12.297,7.879,12000,16.780,7538
16280.828,20.481,12.308,7.879,12000,16.780,7538
16293.828,20.481,12.297,7.868,12000,16.780,7538
16303.947,20.481,12.297,7.868,12000,16.780,7538
16311.667,20.481,12.297,7.879,12000,16.780,7538
16321.386,20.481,12.297,7.868,12000,16.780,7538
16329.988,20.481,12.308,7.879,12000,16.780,7538
16338.384,20.481,12.297,7.879,12000,16.780,7477
16346.914,20.481,12.297,7.868,12000,16.780,7477
16359.662,20.481,12.297,7.868,12000,16.780,7477
16373.528,20.481,12.297,7.868,12000,16.780,7477
16384.650,20.481,12.297,7.868,12000,16.780,7477
16397.051,20.481,12.297,7.868,12000,16.780,7477
16408.730,20.481,12.297,7.868,12000,16.780,7477
16417.717,20.486,12.297,7.857,12000,16.780,7477
16431.924,20.486,12.297,7.857,12000,16.780,7470
16439.674,20.486,12.297,7.868,12000,16.780,7470
16448.773,20.486,12.297,7.857,12000,16.780,7470
16464.623,20.476,12.297,7.868,12000,16.780,7470
16471.734,20.476,12.297,7.857,12000,16.780,7470
16483.680,20.476,12.297,7.857,12000,16.780,7470
16491.711,20.476,12.297,7.857,12000,16.780,7470
16498.566,20.476,12.297,7.857,12000,16.780,7470
16508.686,20.476,12.297,7.857,12000,16.791,7470
16516.742,20.467,12.297,7.868,12000,16.791,7456
16524.812,20.467,12.297,7.857,12000,16.791,7456
16532.668,20.467,12.297,7.857,12000,16.791,7456
16541.650,20.467,12.297,7.857,12000,16.791,7456
16550.832,20.472,12.297,7.857,12000,16.791,7456
16559.871,20.472,12.297,7.868,12000,16.791,7456
16568.738,20.472,12.297,7.868,12000,16.791,7456
16578.908,20.472,12.297,7.868,12000,16.791,7456
16588.486,20.472,12.297,7.879,12000,16.780,7456
16596.188,20.472,12.297,7.868,12000,16.780,7456
16608.883,20.472,12.308,7.879,12000,16.780,7425
16618.836,20.476,12.297,7.868,12000,16.780,7425
16631.723,20.476,12.297,7.879,12000,16.780,7425
16639.639,20.476,12.297,7.868,12000,16.780,7425
16648.660,20.476,12.297,7.868,12000,16.780,7425
16660.010,20.481,12.297,7.868,12000,16.780,7425
16668.660,20.481,12.297,7.879,12000,16.780,7425
16680.139,20.481,12.308,7.879,12000,16.780,7425
16688.793,20.481,12.297,7.879,12000,16.780,7425
16696.744,20.481,12.297,7.868,12000,16.791,7415
16705.451,20.481,12.297,7.879,12000,16.791,7415
16714.811,20.486,12.297,7.868,12000,16.780,7415
16723.670,20.486,12.297,7.868,12000,16.780,7415
16734.709,20.486,12.297,7.857,12000,16.780,7415
16746.809,20.486,12.297,7.857,12000,16.780,7415
16757.182,20.490,12.308,7.868,12000,16.780,7415
16765.688,20.490,12.297,7.868,12000,16.780,7415
16772.691,20.490,12.297,7.868,12000,16.780,7415
16779.867,20.490,12.297,7.868,12000,16.780,7415
16787.844,20.490,12.297,7.868,12000,16.780,7420
16796.676,20.490,12.297,7.868,12000,16.780,7420
16806.674,20.490,12.297,7.868,12000,16.780,7420
16818.715,20.490,12.297,7.868,12000,16.780,7420
16830.824,20.490,12.297,7.868,12000,16.780,7420
16838.756,20.490,12.286,7.868,12000,16.780,7420
16845.945,20.490,12.286,7.868,12000,16.791,7420
16854.670,20.490,12.297,7.868,12000,16.791,7420
16865.715,20.490,12.297,7.857,12000,16.780,7420
16875.760,20.490,12.297,7.857,12000,16.780,7414
16884.762,20.490,12.297,7.857,12000,16.780,7414
16897.770,20.490,12.297,7.857,12000,16.780,7414
16908.049,20.490,12.297,7.857,12000,16.780,7414
16918.885,20.486,12.297,7.857,12000,16.780,7414
16929.795,20.486,12.297,7.857,12000,16.780,7414
16939.062,20.486,12.297,7.857,12000,16.780,7414
16948.014,20.486,12.297,7.857,12000,16.780,7414
16959.674,20.481,12.286,7.868,12000,16.780,7414
16969.742,20.481,12.286,7.868,12000,16.780,7391
16980.742,20.481,12.297,7.868,12000,16.780,7391
16990.729,20.481,12.297,7.868,12000,16.780,7391
17000.709,20.481,12.297,7.868,12000,16.780,7391
17013.186,20.481,12.297,7.868,12000,16.780,7391
17023.641,20.477,12.297,7.868,12000,16.780,7391
17031.693,20.477,12.297,7.868,12000,16.780,7391
17041.002,20.477,12.297,7.868,12000,16.791,7391
17050.656,20.481,12.286,7.868,12000,16.791,7391
17065.771,20.481,12.286,7.868,12000,16.780,7379
17081.646,20.481,12.297,7.868,12000,16.780,7379
17089.613,20.481,12.297,7.868,12000,16.780,7379
17097.650,20.481,12.297,7.868,12000,16.780,7379
17105.705,20.481,12.286,7.868,12000,16.780,7379
17114.844,20.481,12.286,7.857,12000,16.780,7379
17124.754,20.481,12.286,7.857,12000,16.780,7379
17140.521,20.481,12.286,7.868,12000,16.780,7379
17149.693,20.481,12.297,7.879,12000,16.780,7380
17157.725,20.481,12.297,7.868,12000,16.780,7380
17165.689,20.481,12.297,7.868,12000,16.780,7380
17175.865,20.481,12.297,7.868,12000,16.780,7380
17187.404,20.481,12.297,7.868,12000,16.780,7380
17196.275,20.481,12.297,7.868,12000,16.780,7380
17203.762,20.481,12.297,7.868,12000,16.780,7380
17212.053,20.481,12.297,7.879,12000,16.780,7380
17219.816,20.486,12.297,7.868,12000,16.780,7380
17227.959,20.486,12.297,7.868,12000,16.780,7380
17235.697,20.486,12.297,7.868,12000,16.780,7383
17248.807,20.486,12.286,7.868,12000,16.780,7383
17257.904,20.481,12.286,7.857,12000,16.780,7383
17270.125,20.481,12.286,7.868,12000,16.791,7383
17282.766,20.481,12.286,7.857,12000,16.780,7383
17291.729,20.481,12.286,7.857,12000,16.780,7383
17305.096,20.481,12.286,7.868,12000,16.780,7383
17313.930,20.481,12.286,7.868,12000,16.780,7383
17321.930,20.481,12.297,7.868,12000,16.780,7383
17330.266,20.481,12.297,7.868,12000,16.791,7382
17337.990,20.481,12.297,7.857,12000,16.791,7382
17348.830,20.481,12.297,7.868,12000,16.791,7382
17363.588,20.481,12.297,7.857,12000,16.791,7382
17381.861,20.481,12.297,7.857,12000,16.791,7382
17392.717,20.481,12.297,7.868,12000,16.791,7382
17405.428,20.481,12.297,7.857,12000,16.780,7382
17413.248,20.486,12.297,7.868,12000,16.791,7382
17421.834,20.486,12.297,7.868,12000,16.791,7371
17429.939,20.486,12.286,7.868,12000,16.791,7371
17438.312,20.486,12.286,7.868,12000,16.780,7371
17447.262,20.486,12.297,7.868,12000,16.780,7371
17458.867,20.490,12.297,7.868,12000,16.780,7371
17475.830,20.490,12.286,7.857,12000,16.780,7371
17484.787,20.490,12.286,7.868,12000,16.780,7371
17494.867,20.490,12.297,7.868,12000,16.780,7371
17505.670,20.490,12.286,7.868,12000,16.780,7358
17514.709,20.481,12.286,7.879,12000,16.780,7358
17522.682,20.481,12.297,7.857,12000,16.780,7358
17529.680,20.481,12.297,7.857,12000,16.780,7358
17537.654,20.481,12.297,7.857,12000,16.780,7358
17545.729,20.481,12.297,7.868,12000,16.780,7358
17554.613,20.477,12.297,7.868,12000,16.780,7358
17562.770,20.477,12.297,7.868,12000,16.780,7358
17569.672,20.477,12.308,7.857,12000,16.780,7358
17576.658,20.477,12.297,7.857,12000,16.780,7358
17585.684,20.477,12.297,7.868,12000,16.780,7358
17593.693,20.477,12.297,7.868,12000,16.791,7351
17601.693,20.477,12.297,7.857,12000,16.780,7351
17610.637,20.477,12.308,7.857,12000,16.780,7351
17621.535,20.486,12.297,7.857,12000,16.780,7351
17632.656,20.486,12.297,7.868,12000,16.780,7351
17641.713,20.486,12.297,7.868,12000,16.780,7351
17650.553,20.481,12.297,7.868,12000,16.780,7351
17658.838,20.481,12.297,7.868,12000,16.780,7351
17667.646,20.481,12.297,7.868,12000,16.780,7351
17676.641,20.481,12.297,7.868,12000,16.780,7351
17685.613,20.481,12.297,7.868,12000,16.780,7349
17694.637,20.481,12.286,7.868,12000,16.780,7349
17702.797,20.481,12.286,7.868,12000,16.780,7349
17713.029,20.481,12.286,7.868,12000,16.780,7349
17722.047,20.476,12.286,7.879,12000,16.780,7349
17729.684,20.476,12.286,7.868,12000,16.780,7349
17738.041,20.476,12.286,7.857,12000,16.780,7349
17747.475,20.476,12.297,7.857,12000,16.780,7349
17760.451,20.481,12.297,7.857,12000,16.780,7349
17774.754,20.481,12.297,7.868,12000,16.780,7349
17784.768,20.481,12.297,7.868,12000,16.780,7349
17796.539,20.481,12.297,7.857,12000,16.780,7349
17805.291,20.481,12.297,7.868,12000,16.780,7349
17815.654,20.481,12.297,7.868,12000,16.780,7349
17825.670,20.481,12.297,7.868,12000,16.780,7349
17838.691,20.481,12.297,7.868,12000,16.780,7349
17848.762,20.481,12.297,7.868,12000,16.780,7349
17862.543,20.476,12.297,7.868,12000,16.780,7349
17872.238,20.476,12.297,7.868,12000,16.780,7349
17887.549,20.476,12.297,7.868,12000,16.780,7349
17897.244,20.476,12.297,7.868,12000,16.780,7349
17907.066,20.476,12.297,7.868,12000,16.780,7349
17915.738,20.481,12.297,7.857,12000,16.780,7349
17926.992,20.481,12.286,7.857,12000,16.780,7349
17936.709,20.481,12.286,7.868,12000,16.780,7349
17947.318,20.481,12.286,7.868,12000,16.780,7349
17958.660,20.490,12.286,7.868,12000,16.780,7350
17969.840,20.490,12.286,7.857,12000,16.780,7350
17980.549,20.490,12.286,7.868,12000,16.780,7350
17990.691,20.490,12.297,7.857,12000,16.780,7350
17999.609,20.490,12.297,7.857,12000,16.780,7350
18012.916,20.490,12.297,7.857,12000,16.780,7350
18024.662,20.486,12.286,7.857,12000,16.791,7350
18034.652,20.486,12.297,7.868,12000,16.791,7350
18047.230,20.486,12.297,7.868,12000,16.791,7348
18061.607,20.481,12.297,7.868,12000,16.791,7348
18068.590,20.481,12.297,7.868,12000,16.791,7348
18076.686,20.481,12.297,7.868,12000,16.791,7348
18084.570,20.481,12.297,7.868,12000,16.791,7348
18096.785,20.481,12.297,7.868,12000,16.791,7348
18104.559,20.481,12.297,7.868,12000,16.780,7348
18113.531,20.481,12.297,7.857,12000,16.791,7348
18121.531,20.481,12.297,7.857,12000,16.791,7348
18129.568,20.481,12.297,7.857,12000,16.791,7348
18141.078,20.481,12.297,7.857,12000,16.780,7344
18150.143,20.481,12.297,7.868,12000,16.791,7344
18157.662,20.481,12.308,7.868,12000,16.791,7344
18165.574,20.481,12.297,7.868,12000,16.791,7344
18172.584,20.481,12.297,7.857,12000,16.791,7344
18180.574,20.481,12.297,7.857,12000,16.791,7344
18187.607,20.481,12.297,7.857,12000,16.791,7344
18196.582,20.481,12.297,7.857,12000,16.780,7344
18204.562,20.481,12.297,7.857,12000,16.791,7344
18212.559,20.481,12.286,7.857,12000,16.791,7344
18221.676,20.481,12.286,7.857,12000,16.791,7341
18231.590,20.481,12.297,7.868,12000,16.791,7341
18242.213,20.481,12.297,7.868,12000,16.791,7341
18249.611,20.481,12.297,7.868,12000,16.791,7341
18259.393,20.481,12.297,7.868,12000,16.780,7341
18268.549,20.481,12.297,7.868,12000,16.780,7341
18276.693,20.481,12.297,7.868,12000,16.791,7341
18283.648,20.481,12.297,7.868,12000,16.791,7341
18291.188,20.481,12.286,7.868,12000,16.791,7341
18301.684,20.481,12.286,7.868,12000,16.780,7341
18310.807,20.481,12.297,7.868,12000,16.780,7341
18317.582,20.481,12.286,7.868,12000,16.791,7339
18327.564,20.481,12.286,7.868,12000,16.791,7339
18334.629,20.481,12.297,7.868,12000,16.791,7339
18342.604,20.481,12.297,7.868,12000,16.791,7339
18349.557,20.481,12.297,7.868,12000,16.791,7339
18357.654,20.481,12.297,7.857,12000,16.791,7339
18366.912,20.481,12.286,7.857,12000,16.791,7339
18374.785,20.481,12.286,7.868,12000,16.791,7339
18382.568,20.481,12.286,7.868,12000,16.791,7339
18390.590,20.481,12.286,7.868,12000,16.791,7339
18398.543,20.481,12.286,7.868,12000,16.791,7339
18405.561,20.481,12.286,7.868,12000,16.791,7335
18413.641,20.481,12.286,7.857,12000,16.791,7335
18421.729,20.481,12.286,7.868,12000,16.791,7335
18429.637,20.481,12.297,7.868,12000,16.791,7335
18437.613,20.481,12.297,7.868,12000,16.791,7335
18445.580,20.481,12.297,7.868,12000,16.791,7335
18453.604,20.481,12.297,7.868,12000,16.791,7335
18461.639,20.481,12.286,7.868,12000,16.791,7335
18469.650,20.481,12.286,7.879,12000,16.791,7335
18477.836,20.481,12.286,7.868,12000,16.791,7335
18485.594,20.481,12.297,7.868,12000,16.791,7335
18492.660,20.481,12.297,7.868,12000,16.791,7336
18500.572,20.481,12.297,7.857,12000,16.791,7336
18507.604,20.481,12.297,7.857,12000,16.791,7336
18514.684,20.481,12.286,7.857,12000,16.791,7336
18521.588,20.481,12.286,7.857,12000,16.791,7336
18528.609,20.481,12.286,7.857,12000,16.791,7336
18537.580,20.481,12.286,7.868,12000,16.791,7336
18545.592,20.481,12.286,7.868,12000,16.791,7336
18556.598,20.481,12.286,7.868,12000,16.791,7336
18567.166,20.481,12.286,7.868,12000,16.791,7336
18575.582,20.481,12.286,7.868,12000,16.791,7336
18582.982,20.481,12.297,7.868,12000,16.791,7337
18590.922,20.481,12.297,7.868,12000,16.791,7337
18600.320,20.481,12.297,7.868,12000,16.791,7337
18611.725,20.481,12.297,7.868,12000,16.791,7337
18620.572,20.477,12.297,7.879,12000,16.791,7337
18628.637,20.477,12.297,7.868,12000,16.791,7337
18636.562,20.477,12.297,7.868,12000,16.791,7337
18646.572,20.477,12.297,7.857,12000,16.791,7337
18654.801,20.481,12.297,7.857,12000,16.791,7337
18662.600,20.481,12.297,7.857,12000,16.791,7337
18671.615,20.481,12.297,7.868,12000,16.791,7340
18680.555,20.481,12.286,7.868,12000,16.791,7340
18689.598,20.481,12.286,7.868,12000,16.791,7340
18697.590,20.481,12.286,7.868,12000,16.791,7340
18705.568,20.481,12.286,7.868,12000,16.791,7340
18714.584,20.490,12.286,7.868,12000,16.791,7340
18722.584,20.490,12.286,7.868,12000,16.791,7340
18730.760,20.490,12.286,7.868,12000,16.791,7340
18739.570,20.490,12.286,7.879,12000,16.791,7340
18747.598,20.490,12.286,7.879,12000,16.791,7340
18755.572,20.486,12.297,7.868,12000,16.791,7340
18763.682,20.486,12.297,7.868,12000,16.791,7343
18771.693,20.486,12.297,7.857,12000,16.791,7343
18779.697,20.486,12.297,7.857,12000,16.791,7343
18787.586,20.486,12.286,7.868,12000,16.791,7343
18797.619,20.486,12.286,7.857,12000,16.791,7343
18810.223,20.486,12.286,7.857,12000,16.791,7343
18820.631,20.481,12.286,7.857,12000,16.791,7343
18830.623,20.481,12.286,7.857,12000,16.791,7343
18844.090,20.481,12.286,7.868,12000,16.802,7343
18854.707,20.481,12.286,7.868,12000,16.802,7344
18863.656,20.481,12.286,7.868,12000,16.802,7344
18875.910,20.481,12.286,7.857,12000,16.802,7344
18885.746,20.481,12.297,7.857,12000,16.791,7344
18897.750,20.481,12.297,7.868,12000,16.791,7344
18910.059,20.481,12.286,7.868,12000,16.791,7344
18919.582,20.477,12.286,7.868,12000,16.791,7344
18929.859,20.477,12.297,7.868,12000,16.791,7344
18947.645,20.477,12.297,7.868,12000,16.791,7346
18962.670,20.481,12.297,7.857,12000,16.791,7346
18977.260,20.481,12.297,7.857,12000,16.802,7346
18989.664,20.481,12.297,7.868,12000,16.802,7346
19006.881,20.481,12.297,7.868,12000,16.802,7346
19014.926,20.486,12.297,7.868,12000,16.802,7346
19026.725,20.486,12.286,7.868,12000,16.802,7346
19035.766,20.486,12.286,7.868,12000,16.802,7346
19042.666,20.486,12.286,7.868,12000,16.802,7346
19053.543,20.481,12.286,7.868,12000,16.791,7346
19064.008,20.481,12.286,7.868,12000,16.791,7346
19075.359,20.481,12.286,7.857,12000,16.791,7346
19094.590,20.481,12.286,7.857,12000,16.791,7346
19103.875,20.481,12.297,7.857,12000,16.791,7346
19113.781,20.481,12.297,7.868,12000,16.791,7346
19123.082,20.486,12.297,7.868,12000,16.791,7344
19137.062,20.486,12.286,7.868,12000,16.791,7344
19147.762,20.486,12.286,7.868,12000,16.791,7344
19160.600,20.486,12.297,7.868,12000,16.791,7344
19170.707,20.486,12.297,7.868,12000,16.791,7344
19182.695,20.486,12.286,7.868,12000,16.791,7344
19193.879,20.486,12.286,7.868,12000,16.791,7344
19201.725,20.486,12.286,7.868,12000,16.791,7344
19213.781,20.486,12.286,7.857,12000,16.791,7344
19222.615,20.481,12.286,7.857,12000,16.791,7344
19230.797,20.481,12.286,7.868,12000,16.791,7344
19238.713,20.481,12.286,7.857,12000,16.791,7344
19253.621,20.481,12.286,7.857,12000,16.791,7344
19266.688,20.481,12.286,7.868,12000,16.791,7344
19276.887,20.481,12.286,7.868,12000,16.791,7344
19287.650,20.481,12.286,7.857,12000,16.791,7344
19297.719,20.481,12.286,7.857,12000,16.791,7344
19310.381,20.481,12.297,7.868,12000,16.791,7343
19319.678,20.481,12.297,7.857,12000,16.791,7343
19330.672,20.481,12.286,7.857,12000,16.791,7343
19343.287,20.481,12.286,7.857,12000,16.802,7343
19353.811,20.481,12.297,7.857,12000,16.802,7343
19362.623,20.481,12.297,7.868,12000,16.791,7343
19369.607,20.481,12.297,7.868,12000,16.791,7343
19378.625,20.481,12.297,7.879,12000,16.791,7343
19387.781,20.481,12.297,7.868,12000,16.791,7343
19403.670,20.481,12.297,7.868,12000,16.791,7342
19411.639,20.481,12.297,7.868,12000,16.791,7342
19419.654,20.481,12.297,7.868,12000,16.791,7342
19429.766,20.481,12.286,7.879,12000,16.791,7342
19437.660,20.481,12.286,7.857,12000,16.791,7342
19445.752,20.481,12.286,7.857,12000,16.791,7342
19453.457,20.481,12.286,7.868,12000,16.791,7342
19460.625,20.481,12.286,7.868,12000,16.791,7342
19469.674,20.481,12.286,7.868,12000,16.802,7342
19476.658,20.481,12.286,7.868,12000,16.802,7342
19484.600,20.481,12.286,7.868,12000,16.802,7342
19491.811,20.481,12.286,7.868,12000,16.791,7342
19500.297,20.481,12.286,7.868,12000,16.791,7342
19508.969,20.481,12.286,7.857,12000,16.791,7342
19517.346,20.481,12.286,7.857,12000,16.791,7342
19525.432,20.481,12.297,7.857,12000,16.791,7342
19533.713,20.481,12.297,7.857,12000,16.791,7342
19542.768,20.481,12.297,7.857,12000,16.791,7342
19549.832,20.486,12.286,7.868,12000,16.791,7342
19556.613,20.486,12.286,7.857,12000,16.791,7342
19563.621,20.486,12.286,7.857,12000,16.791,7342
19570.652,20.486,12.286,7.857,12000,16.791,7342
19577.650,20.486,12.286,7.868,12000,16.791,7342
19585.621,20.486,12.286,7.857,12000,16.791,7342
19592.629,20.486,12.297,7.857,12000,16.791,7342
19599.666,20.486,12.297,7.857,12000,16.791,7342
19607.898,20.486,12.297,7.857,12000,16.791,7342
19616.791,20.486,12.286,7.857,12000,16.791,7342
19624.629,20.486,12.286,7.868,12000,16.791,7342
19632.887,20.486,12.286,7.868,12000,16.802,7342
19639.691,20.486,12.286,7.868,12000,16.802,7342
19652.814,20.486,12.286,7.868,12000,16.802,7342
19661.639,20.486,12.286,7.868,12000,16.802,7342
19669.637,20.486,12.286,7.868,12000,16.802,7342
19679.674,20.486,12.286,7.868,12000,16.802,7342
19688.629,20.486,12.286,7.857,12000,16.802,7342
19697.746,20.486,12.275,7.868,12000,16.802,7342
19710.750,20.486,12.286,7.857,12000,16.802,7342
19717.650,20.486,12.286,7.857,12000,16.802,7342
19724.699,20.486,12.286,7.857,12000,16.802,7342
19732.633,20.486,12.286,7.857,12000,16.802,7342
19742.625,20.486,12.286,7.857,12000,16.802,7342
19750.781,20.481,12.286,7.868,12000,16.802,7343
19758.732,20.481,12.286,7.857,12000,16.791,7343
19766.781,20.481,12.286,7.857,12000,16.791,7343
19774.680,20.481,12.286,7.857,12000,16.802,7343
19782.947,20.481,12.286,7.857,12000,16.791,7343
19791.285,20.481,12.286,7.857,12000,16.791,7343
19798.936,20.481,12.286,7.857,12000,16.791,7343
19806.799,20.481,12.286,7.868,12000,16.791,7343
19814.754,20.481,12.286,7.868,12000,16.791,7343
19822.756,20.481,12.286,7.868,12000,16.791,7343
19831.811,20.481,12.286,7.868,12000,16.791,7343
19839.633,20.481,12.286,7.868,12000,16.791,7343
19847.594,20.481,12.275,7.868,12000,16.791,7343
19855.783,20.481,12.275,7.879,12000,16.791,7343
19864.143,20.481,12.286,7.879,12000,16.791,7343
19872.883,20.481,12.286,7.879,12000,16.791,7343
19883.408,20.481,12.286,7.868,12000,16.802,7343
19894.033,20.481,12.286,7.868,12000,16.802,7343
19914.906,20.481,12.286,7.857,12000,16.802,7343
19924.244,20.481,12.275,7.868,12000,16.802,7343
19932.568,20.481,12.275,7.868,12000,16.802,7341
19942.875,20.481,12.275,7.868,12000,16.802,7341
19951.938,20.481,12.275,7.868,12000,16.802,7341
19962.625,20.481,12.275,7.868,12000,16.802,7341
19972.682,20.481,12.275,7.868,12000,16.802,7341
19980.668,20.481,12.275,7.868,12000,16.802,7341
19989.779,20.481,12.286,7.868,12000,16.802,7341
19999.203,20.481,12.286,7.868,12000,16.802,7341
20007.701,20.481,12.286,7.868,12000,16.802,7341
