T_(ms),Sys_Volts_(V),Comp_P_(mA),Piezo_P_(mA),Piezo_out_(mV),V_dist_(mA),LC_(grams)

14.708,19.430,11.487,3.941,0,18.713,322
22.926,19.430,11.487,3.941,1,18.713,322
33.814,19.430,11.487,3.941,2,18.713,322
40.577,19.430,11.492,3.941,3,18.713,322
47.867,19.430,11.492,3.941,4,18.713,322
54.610,19.430,11.492,3.941,5,18.713,322
61.690,19.430,11.492,3.941,6,18.713,322
68.712,19.430,11.492,3.941,7,18.713,322
79.827,19.430,11.492,3.941,8,18.713,322
86.610,19.430,11.492,3.941,9,18.713,322
93.655,19.425,11.492,3.941,10,18.713,323
100.709,19.425,11.492,3.941,11,18.713,323
107.665,19.425,11.492,3.941,12,18.713,323
114.690,19.425,11.492,3.941,13,18.713,323
121.588,19.425,11.492,3.941,14,18.713,323
128.607,19.421,11.492,3.941,15,18.713,323
135.669,19.421,11.492,3.941,16,18.713,323
142.761,19.421,11.492,3.941,17,18.713,323
149.605,19.421,11.492,3.941,18,18.713,323
156.704,19.421,11.492,3.941,19,18.713,323
164.691,19.421,11.492,3.941,20,18.713,323
171.775,19.421,11.492,3.941,21,18.713,323
178.757,19.421,11.492,3.941,22,18.713,323
185.637,19.421,11.492,3.941,23,18.713,329
193.853,19.421,11.492,3.941,24,18.713,329
202.783,19.412,11.492,3.941,25,18.713,329
210.724,19.412,11.492,3.941,26,18.713,329
220.660,19.412,11.492,3.941,27,18.713,329
227.773,19.408,11.492,3.941,28,18.713,329
235.795,19.408,11.492,3.941,29,18.713,329
248.796,19.408,11.492,3.941,30,18.713,329
264.947,19.408,11.492,3.941,31,18.713,329
273.180,19.408,11.492,3.941,32,18.713,387
280.682,19.408,11.492,3.941,33,18.713,387
288.979,19.408,11.492,3.941,34,18.713,387
295.825,19.412,11.492,3.941,35,18.722,387
302.899,19.412,11.492,3.941,36,18.722,387
312.163,19.412,11.492,3.941,37,18.722,387
319.668,19.412,11.492,3.941,38,18.722,387
332.644,19.417,11.492,3.941,39,18.722,387
342.690,19.417,11.492,3.941,40,18.722,387
350.961,19.417,11.492,3.941,41,18.722,387
358.049,19.417,11.492,3.941,42,18.722,387
365.607,19.417,11.492,3.941,43,18.722,503
372.649,19.417,11.492,3.941,44,18.722,503
380.249,19.417,11.492,3.941,45,18.722,503
387.850,19.417,11.492,3.941,46,18.722,503
396.951,19.417,11.492,3.941,47,18.722,503
405.771,19.417,11.492,3.941,48,18.722,503
412.776,19.417,11.492,3.941,49,18.722,503
421.248,19.417,11.492,3.941,50,18.722,503
429.854,19.417,11.492,3.941,51,18.722,503
436.681,19.417,11.492,3.941,52,18.722,503
443.615,19.417,11.492,3.941,53,18.722,503
450.853,19.417,11.492,3.941,54,18.722,503
458.806,19.417,11.492,3.941,55,18.722,642
465.740,19.417,11.492,3.941,56,18.722,642
472.708,19.417,11.492,3.941,57,18.722,642
481.882,19.417,11.492,3.941,58,18.722,642
492.006,19.417,11.492,3.941,59,18.722,642
499.314,19.412,11.492,3.941,60,18.722,642
506.896,19.412,11.492,3.941,61,18.722,642
514.697,19.412,10.749,3.941,62,18.722,642
521.740,19.412,10.749,3.941,63,18.722,642
529.686,19.412,10.749,3.941,64,18.722,642
536.918,19.412,10.749,3.941,65,18.722,642
544.616,19.412,10.749,3.941,66,18.722,783
551.737,19.412,10.749,3.941,67,18.722,783
558.876,19.412,10.749,3.941,68,18.722,783
565.671,19.412,10.749,3.941,69,18.722,783
572.826,19.412,10.749,3.941,70,18.722,783
583.562,19.412,10.749,3.941,71,18.722,783
592.748,19.412,10.749,3.941,72,18.722,783
599.635,19.417,10.749,3.941,73,18.722,783
606.614,19.417,10.749,3.941,74,18.722,783
613.761,19.417,10.749,3.941,75,18.722,783
626.026,19.417,10.749,3.941,76,18.722,783
632.621,19.417,10.749,3.941,77,18.722,873
639.711,19.417,10.749,3.941,78,18.722,873
646.788,19.417,10.749,3.941,79,18.722,873
653.896,19.417,10.749,3.941,80,18.722,873
660.747,19.417,10.749,3.941,81,18.722,873
667.636,19.417,10.749,3.941,82,18.722,873
676.822,19.417,10.749,3.941,83,18.722,873
685.950,19.417,10.749,3.941,84,18.722,873
694.597,19.412,10.749,3.941,85,18.722,873
704.696,19.412,10.749,3.941,86,18.722,873
713.735,19.412,10.749,3.941,87,18.722,873
722.036,19.412,10.749,3.941,88,18.722,873
728.812,19.412,10.749,3.941,89,18.722,904
736.749,19.412,10.749,3.941,90,18.722,904
743.598,19.412,10.749,3.941,91,18.722,904
750.620,19.412,10.749,3.941,92,18.722,904
758.659,19.412,10.749,3.941,93,18.722,904
765.654,19.412,10.749,3.941,94,18.722,904
772.817,19.412,10.749,3.941,95,18.722,904
779.802,19.412,10.749,3.941,96,18.722,904
786.625,19.412,10.749,3.941,97,18.723,904
793.781,19.417,10.749,3.941,98,18.723,904
800.728,19.417,10.749,3.941,99,18.723,904
808.793,19.417,10.749,3.941,100,18.723,904
816.800,19.417,10.749,3.941,101,18.723,911
823.713,19.417,10.749,3.941,102,18.723,911
831.532,19.412,10.749,3.941,103,18.723,911
845.769,19.412,10.749,3.941,104,18.723,911
852.720,19.412,10.749,3.941,105,18.723,911
860.655,19.412,10.749,3.941,106,18.723,911
867.898,19.412,10.749,3.941,107,18.723,911
874.721,19.412,10.749,3.941,108,18.723,911
883.705,19.412,10.749,3.941,109,18.723,911
894.772,19.412,10.749,3.941,110,18.723,911
901.761,19.412,10.749,3.941,111,18.723,910
908.646,19.412,10.749,3.941,112,18.723,910
915.617,19.412,10.749,3.941,113,18.723,910
922.732,19.412,10.749,3.941,114,18.723,910
929.629,19.417,10.749,3.941,115,18.723,910
936.585,19.417,10.749,3.941,116,18.723,910
943.581,19.417,10.749,3.941,117,18.723,910
950.614,19.417,10.749,3.941,118,18.723,910
957.616,19.417,10.749,3.941,119,18.723,910
964.655,19.417,10.749,3.941,120,18.723,910
971.648,19.417,10.749,3.941,121,18.723,910
979.641,19.417,10.749,3.941,122,18.723,910
986.741,19.417,10.749,3.941,123,18.723,910
993.606,19.412,10.896,3.941,124,18.723,908
1000.733,19.412,10.896,3.941,125,18.723,908
1007.622,19.412,10.896,3.941,126,18.723,908
1014.630,19.412,10.896,3.941,127,18.723,908
1021.604,19.412,10.896,3.941,128,18.723,908
1028.723,19.412,10.896,3.941,129,18.723,908
1035.618,19.412,10.896,3.941,130,18.723,908
1042.823,19.412,10.896,3.941,131,18.723,908
1049.979,19.412,10.896,3.941,132,18.723,908
1056.637,19.412,10.896,3.941,133,18.723,908
1063.618,19.412,10.896,3.941,134,18.723,908
1070.598,19.412,10.896,3.941,135,18.723,908
1077.731,19.412,10.896,3.941,136,18.723,908
1085.662,19.412,10.896,3.941,137,18.723,907
1092.760,19.412,10.896,3.941,138,18.723,907
1101.655,19.417,10.896,3.941,139,18.723,907
1108.678,19.417,10.896,3.941,140,18.723,907
1116.697,19.417,10.896,3.941,141,18.723,907
1123.688,19.417,10.896,3.941,142,18.723,907
1130.802,19.412,10.896,3.941,143,18.723,907
1137.697,19.412,10.896,3.941,144,18.723,907
1144.684,19.412,10.896,3.941,145,18.723,907
1151.822,19.412,10.896,3.941,146,18.723,907
1158.797,19.412,10.896,3.941,147,18.723,907
1165.847,19.412,10.896,3.941,148,18.723,907
1173.778,19.412,10.896,3.941,149,18.723,911
1181.727,19.412,10.896,3.941,150,18.723,911
1189.735,19.412,10.896,3.941,151,18.723,911
1196.885,19.417,10.896,3.941,152,18.723,911
1203.936,19.417,10.896,3.941,153,18.723,911
1216.711,19.417,10.896,3.941,154,18.723,911
1230.575,19.417,10.896,3.951,155,18.723,911
1239.794,19.421,10.896,3.951,156,18.723,911
1248.839,19.421,10.896,3.951,157,18.723,911
1257.934,19.421,10.896,3.951,158,18.723,911
1264.961,19.421,10.896,3.951,159,18.723,920
1271.803,19.421,10.896,3.951,160,18.723,920
1280.110,19.421,10.896,3.951,161,18.723,920
1287.051,19.421,10.896,3.951,162,18.723,920
1295.046,19.407,10.896,3.951,163,18.723,920
1306.919,19.407,10.896,3.951,164,18.723,920
1320.014,19.407,10.896,3.951,165,18.723,920
1328.904,19.403,10.896,3.951,166,18.723,920
1340.902,19.403,10.896,3.951,167,18.723,920
1354.753,19.403,10.896,3.951,168,18.723,935
1364.664,19.403,10.896,3.951,169,18.723,935
1372.304,19.403,10.896,3.951,170,18.723,935
1381.633,19.403,10.896,3.951,171,18.723,935
1389.157,19.403,10.896,3.951,172,18.723,935
1397.480,19.403,10.896,3.951,173,18.723,935
1407.297,19.403,10.896,3.951,174,18.723,935
1415.186,19.403,10.896,3.951,175,18.723,935
1428.115,19.403,10.896,3.951,176,18.723,935
1438.049,19.407,10.896,3.951,177,18.723,935
1447.127,19.407,10.896,3.951,178,18.723,954
1454.351,19.407,10.896,3.951,179,18.723,954
1462.415,19.407,10.896,3.951,180,18.723,954
1472.055,19.407,10.995,3.951,181,18.723,954
1482.204,19.407,10.995,3.951,182,18.723,954
1490.882,19.407,10.995,3.951,183,18.723,954
1501.332,19.407,10.995,3.951,184,18.723,954
1509.085,19.407,10.995,3.951,185,18.723,954
1518.759,19.407,10.995,3.951,186,18.723,954
1529.096,19.407,10.995,3.951,187,18.723,954
1537.175,19.407,10.995,3.951,188,18.723,975
1547.118,19.407,10.995,3.951,189,18.723,975
1555.996,19.407,10.995,3.951,190,18.723,975
1564.916,19.407,10.995,3.951,191,18.723,975
1572.035,19.407,10.995,3.951,192,18.723,975
1581.194,19.407,10.995,3.951,193,18.723,975
1589.668,19.407,10.995,3.951,194,18.723,975
1598.212,19.407,10.995,3.951,195,18.723,975
1609.770,19.407,10.995,3.951,196,18.723,975
1616.785,19.407,10.995,3.951,197,18.723,975
1625.834,19.407,10.995,3.951,198,18.723,997
1634.818,19.407,10.995,3.951,199,18.723,997
1641.847,19.407,10.995,3.951,200,18.723,997
1655.745,19.407,10.995,3.951,201,18.723,997
1662.735,19.407,10.995,3.951,202,18.723,997
1669.753,19.407,10.995,3.951,203,18.723,997
1679.346,19.407,10.995,3.951,204,18.723,997
1687.040,19.407,10.995,3.951,205,18.723,997
1693.689,19.407,10.995,3.951,206,18.723,997
1700.832,19.407,10.995,4.010,207,18.723,997
1707.723,19.407,10.995,4.010,208,18.723,997
1715.824,19.407,10.995,4.010,209,18.723,1027
1722.837,19.407,10.995,4.010,210,18.723,1027
1729.704,19.407,10.995,4.010,211,18.723,1027
1736.875,19.407,10.995,4.010,212,18.723,1027
1745.011,19.407,10.995,4.010,213,18.723,1027
1753.846,19.407,10.995,4.010,214,18.723,1027
1760.941,19.407,10.995,4.010,215,18.717,1027
1767.745,19.407,10.995,4.010,216,18.717,1027
1774.987,19.407,10.995,4.010,217,18.717,1027
1783.821,19.407,10.995,4.010,218,18.717,1027
1792.840,19.407,10.995,4.010,219,18.717,1027
1801.856,19.407,10.995,4.010,220,18.717,1063
1809.979,19.407,10.995,4.010,221,18.717,1063
1818.824,19.407,10.995,4.010,222,18.717,1063
1825.871,19.407,10.995,4.010,223,18.717,1063
1832.754,19.403,10.995,4.010,224,18.717,1063
1840.799,19.403,10.995,4.010,225,18.717,1063
1851.082,19.403,10.995,4.010,226,18.717,1063
1871.798,19.403,10.995,4.010,227,18.717,1063
1878.698,19.403,10.995,4.010,228,18.717,1063
1885.894,19.403,10.995,4.010,229,18.717,1063
1896.125,19.408,10.995,4.010,230,18.717,1090
1913.367,19.408,10.995,4.010,231,18.717,1090
1921.779,19.408,10.995,4.010,232,18.717,1090
1931.255,19.412,10.995,4.010,233,18.717,1090
1940.207,19.412,10.995,4.010,234,18.717,1090
1952.859,19.412,11.058,4.010,235,18.717,1090
1961.934,19.412,11.058,4.010,236,18.717,1090
1975.927,19.412,11.058,4.010,237,18.717,1090
1982.900,19.412,11.058,4.010,238,18.717,1110
1989.814,19.412,11.058,4.010,239,18.717,1110
1996.986,19.407,11.058,4.010,240,18.717,1110
2006.280,19.407,11.058,4.010,241,18.717,1110
2015.176,19.407,11.058,4.010,242,18.717,1110
2022.846,19.407,11.058,4.010,243,18.717,1110
2033.927,19.403,11.058,4.010,244,18.717,1110
2042.994,19.403,11.058,4.010,245,18.717,1110
2051.802,19.403,11.058,4.010,246,18.717,1110
2059.381,19.403,11.058,4.010,247,18.717,1110
2066.759,19.403,11.058,4.010,248,18.717,1110
2077.081,19.403,11.058,4.010,249,18.717,1117
2085.828,19.403,11.058,4.010,250,18.717,1117
2095.296,19.403,11.058,4.010,251,18.717,1117
2107.715,19.403,11.058,4.010,252,18.717,1117
2117.165,19.403,11.058,4.010,253,18.717,1117
2129.802,19.403,11.058,4.010,254,18.717,1117
2136.916,19.407,11.058,4.010,255,18.717,1117
2145.842,19.407,11.058,4.010,256,18.717,1117
2152.763,19.407,11.058,4.010,257,18.717,1117
2160.925,19.407,11.058,4.010,258,18.717,1111
2168.923,19.407,11.058,4.010,259,18.717,1111
2175.851,19.407,11.058,4.103,260,18.717,1111
2182.766,19.407,11.058,4.103,261,18.717,1111
2189.817,19.407,11.058,4.103,262,18.717,1111
2197.851,19.407,11.058,4.103,263,18.717,1111
2204.885,19.407,11.058,4.103,264,18.717,1111
2212.987,19.407,11.058,4.103,265,18.717,1111
2221.722,19.407,11.058,4.103,266,18.717,1111
2232.127,19.403,11.058,4.103,267,18.717,1111
2240.676,19.403,11.058,4.103,268,18.701,1111
2248.371,19.403,11.058,4.103,269,18.701,1111
2257.739,19.403,11.058,4.103,270,18.701,1109
2265.811,19.403,11.058,4.103,271,18.701,1109
2272.842,19.403,11.058,4.103,272,18.701,1109
2280.391,19.403,11.058,4.103,273,18.701,1109
2287.808,19.403,11.058,4.103,274,18.701,1109
2303.128,19.403,11.058,4.103,275,18.701,1109
2311.831,19.403,11.058,4.103,276,18.701,1109
2325.942,19.403,11.058,4.103,277,18.701,1109
2333.049,19.403,11.058,4.103,278,18.701,1109
2339.904,19.403,11.058,4.103,279,18.701,1107
2353.710,19.403,11.058,4.103,280,18.701,1107
2364.069,19.403,11.058,4.103,281,18.701,1107
2370.793,19.403,11.058,4.103,282,18.701,1107
2385.357,19.403,11.058,4.103,283,18.701,1107
2392.966,19.403,11.058,4.103,284,18.701,1107
2399.694,19.403,11.058,4.103,285,18.701,1107
2406.784,19.403,11.058,4.103,286,18.701,1107
2414.340,19.403,11.058,4.103,287,18.701,1107
2422.335,19.403,11.109,4.103,288,18.701,1107
2432.038,19.407,11.109,4.103,289,18.701,1103
2438.834,19.407,11.109,4.103,290,18.701,1103
2445.759,19.407,11.109,4.103,291,18.701,1103
2454.014,19.407,11.109,4.103,292,18.701,1103
2462.800,19.407,11.109,4.103,293,18.701,1103
2470.786,19.407,11.109,4.103,294,18.701,1103
2483.118,19.407,11.109,4.103,295,18.701,1103
2489.910,19.407,11.109,4.103,296,18.701,1103
2497.250,19.403,11.109,4.103,297,18.701,1103
2505.875,19.403,11.109,4.103,298,18.701,1103
2515.169,19.403,11.109,4.103,299,18.701,1103
2523.092,19.403,11.109,4.103,300,18.701,1100
2534.779,19.403,11.109,4.103,301,18.701,1100
2543.776,19.403,11.109,4.103,302,18.701,1100
2556.869,19.403,11.109,4.103,303,18.701,1100
2565.334,19.403,11.109,4.103,304,18.701,1100
2573.798,19.403,11.109,4.103,305,18.701,1100
2581.786,19.403,11.109,4.103,306,18.701,1100
2588.919,19.403,11.109,4.103,307,18.701,1100
2596.840,19.407,11.109,4.103,308,18.701,1100
2605.033,19.407,11.109,4.103,309,18.701,1100
2615.002,19.407,11.109,4.103,310,18.701,1098
2623.896,19.407,11.109,4.103,311,18.701,1098
2630.770,19.407,11.109,4.103,312,18.701,1098
2643.905,19.407,11.109,4.103,313,18.701,1098
2654.603,19.407,11.109,4.142,314,18.701,1098
2663.832,19.407,11.109,4.142,315,18.701,1098
2673.185,19.407,11.109,4.142,316,18.701,1098
2682.169,19.407,11.109,4.142,317,18.701,1098
2691.311,19.407,11.109,4.142,318,18.701,1098
2703.292,19.403,11.109,4.142,319,18.701,1096
2714.427,19.403,11.109,4.142,320,18.701,1096
2723.124,19.403,11.109,4.142,321,18.701,1096
2731.203,19.403,11.109,4.142,322,18.689,1096
2739.978,19.403,11.109,4.142,323,18.689,1096
2749.056,19.403,11.109,4.142,324,18.689,1096
2757.876,19.403,11.109,4.142,325,18.689,1096
2768.071,19.403,11.109,4.142,326,18.689,1096
2776.990,19.403,11.109,4.142,327,18.689,1096
2785.092,19.403,11.109,4.142,328,18.689,1096
2799.057,19.403,11.109,4.142,329,18.689,1097
2808.110,19.407,11.109,4.142,330,18.689,1097
2818.310,19.407,11.109,4.142,331,18.689,1097
2827.022,19.407,11.109,4.142,332,18.689,1097
2837.352,19.403,11.109,4.142,333,18.689,1097
2847.161,19.403,11.109,4.142,334,18.689,1097
2857.967,19.403,11.109,4.142,335,18.689,1097
2872.673,19.403,11.109,4.142,336,18.689,1097
2888.158,19.403,11.109,4.142,337,18.689,1097
2901.335,19.403,11.152,4.142,338,18.689,1097
2910.906,19.403,11.152,4.142,339,18.689,1097
2920.320,19.403,11.152,4.142,340,18.689,1097
2929.141,19.407,11.152,4.142,341,18.689,1097
2938.672,19.407,11.152,4.142,342,18.689,1097
2947.215,19.407,11.152,4.142,343,18.689,1097
2957.978,19.407,11.152,4.142,344,18.689,1097
2966.695,19.407,11.152,4.142,345,18.689,1097
2973.892,19.407,11.152,4.142,346,18.689,1098
2984.810,19.407,11.152,4.142,347,18.689,1098
2994.271,19.407,11.152,4.142,348,18.689,1098
3003.352,19.403,11.152,4.142,349,18.689,1098
3012.504,19.403,11.152,4.142,350,18.689,1098
3019.725,19.403,11.152,4.142,351,18.689,1098
3026.938,19.403,11.152,4.142,352,18.689,1098
3034.964,19.399,11.152,4.142,353,18.689,1098
3044.038,19.399,11.152,4.142,354,18.689,1098
3053.608,19.399,11.152,4.142,355,18.689,1098
3066.694,19.399,11.152,4.142,356,18.689,1099
3073.908,19.399,11.152,4.142,357,18.689,1099
3080.912,19.399,11.152,4.142,358,18.689,1099
3090.241,19.399,11.152,4.142,359,18.689,1099
3101.035,19.403,11.152,4.142,360,18.689,1099
3109.104,19.403,11.152,4.142,361,18.689,1099
3116.008,19.403,11.152,4.142,362,18.689,1099
3126.358,19.403,11.152,4.142,363,18.689,1099
3137.317,19.407,11.152,4.177,364,18.689,1099
3146.395,19.407,11.152,4.177,365,18.689,1099
3163.079,19.407,11.152,4.177,366,18.689,1098
3172.823,19.407,11.152,4.177,367,18.689,1098
3181.045,19.407,11.152,4.177,368,18.689,1098
3189.986,19.407,11.152,4.177,369,18.689,1098
3198.217,19.407,11.152,4.177,370,18.689,1098
3208.552,19.407,11.152,4.177,371,18.689,1098
3217.969,19.407,11.152,4.177,372,18.677,1098
3229.426,19.407,11.152,4.177,373,18.677,1098
3238.267,19.407,11.152,4.177,374,18.677,1098
3246.921,19.407,11.152,4.177,375,18.677,1098
3253.795,19.407,11.152,4.177,376,18.677,1098
3261.809,19.407,11.152,4.177,377,18.677,1098
3268.813,19.407,11.152,4.177,378,18.677,1098
3277.067,19.407,11.152,4.177,379,18.677,1098
3284.777,19.407,11.152,4.177,380,18.677,1098
3292.892,19.407,11.152,4.177,381,18.677,1098
3300.635,19.403,11.152,4.177,382,18.677,1098
3307.849,19.403,11.152,4.177,383,18.677,1098
3316.935,19.403,11.152,4.177,384,18.677,1098
3323.768,19.403,11.152,4.177,385,18.677,1098
3330.806,19.403,11.152,4.177,386,18.677,1099
3338.907,19.403,11.152,4.177,387,18.677,1099
3345.785,19.403,11.152,4.177,388,18.677,1099
3354.929,19.403,11.152,4.177,389,18.677,1099
3362.816,19.403,11.152,4.177,390,18.677,1099
3369.826,19.403,11.185,4.177,391,18.677,1099
3380.654,19.403,11.185,4.177,392,18.677,1099
3387.904,19.403,11.185,4.177,393,18.677,1099
3394.861,19.403,11.185,4.177,394,18.677,1099
3404.191,19.403,11.185,4.177,395,18.677,1099
3410.908,19.403,11.185,4.177,396,18.677,1099
3418.831,19.403,11.185,4.177,397,18.677,1099
3425.826,19.403,11.185,4.177,398,18.677,1099
3433.798,19.403,11.185,4.177,399,18.677,1099
3440.822,19.403,11.185,4.177,400,18.677,1099
3447.797,19.403,11.185,4.177,401,18.677,1099
3457.832,19.403,11.185,4.177,402,18.677,1099
3465.823,19.403,11.185,4.177,403,18.677,1099
3473.784,19.403,11.185,4.177,404,18.677,1099
3481.121,19.403,11.185,4.177,405,18.677,1099
3488.857,19.403,11.185,4.177,406,18.677,1099
3495.788,19.407,11.185,4.177,407,18.677,1099
3503.008,19.407,11.185,4.177,408,18.677,1099
3510.959,19.407,11.185,4.177,409,18.677,1099
3518.897,19.407,11.185,4.177,410,18.677,1099
3526.819,19.407,11.185,4.177,411,18.677,1099
3534.840,19.407,11.185,4.177,412,18.677,1099
3541.926,19.407,11.185,4.177,413,18.677,1099
3548.832,19.407,11.185,4.177,414,18.677,1099
3556.946,19.407,11.185,4.177,415,18.677,1099
3564.326,19.407,11.185,4.177,416,18.677,1099
3571.983,19.407,11.185,4.177,417,18.677,1099
3578.805,19.407,11.185,4.177,418,18.677,1099
3585.819,19.407,11.185,4.177,419,18.677,1099
3594.833,19.403,11.185,4.177,420,18.677,1099
3602.818,19.403,11.185,4.211,421,18.677,1100
3610.807,19.403,11.185,4.211,422,18.677,1100
3618.090,19.403,11.185,4.211,423,18.677,1100
3626.892,19.403,11.185,4.211,424,18.677,1100
3634.991,19.403,11.185,4.211,425,18.677,1100
3641.934,19.403,11.185,4.211,426,18.677,1100
3648.841,19.403,11.185,4.211,427,18.677,1100
3660.874,19.403,11.185,4.211,428,18.677,1100
3667.969,19.403,11.185,4.211,429,18.677,1100
3676.990,19.403,11.185,4.211,430,18.677,1100
3687.327,19.403,11.185,4.211,431,18.677,1100
3696.239,19.407,11.185,4.211,432,18.677,1101
3705.232,19.407,11.185,4.211,433,18.667,1101
3715.262,19.407,11.185,4.211,434,18.667,1101
3724.356,19.407,11.185,4.211,435,18.667,1101
3732.229,19.407,11.185,4.211,436,18.667,1101
3742.264,19.407,11.185,4.211,437,18.667,1101
3754.419,19.407,11.185,4.211,438,18.667,1101
3771.309,19.407,11.185,4.211,439,18.667,1101
3780.902,19.407,11.185,4.211,440,18.667,1103
3790.892,19.407,11.185,4.211,441,18.667,1103
3801.740,19.407,11.185,4.211,442,18.667,1103
3809.982,19.407,11.185,4.211,443,18.667,1103
3819.023,19.407,11.185,4.211,444,18.667,1103
3830.450,19.407,11.185,4.211,445,18.667,1103
3839.279,19.403,11.185,4.211,446,18.667,1103
3847.081,19.403,11.211,4.211,447,18.667,1103
3856.080,19.403,11.211,4.211,448,18.667,1103
3866.094,19.403,11.211,4.211,449,18.667,1103
3873.828,19.403,11.211,4.211,450,18.667,1105
3885.071,19.403,11.211,4.211,451,18.667,1105
3893.351,19.403,11.211,4.211,452,18.667,1105
3903.809,19.403,11.211,4.211,453,18.667,1105
3919.125,19.403,11.211,4.211,454,18.667,1105
3929.965,19.403,11.211,4.211,455,18.667,1105
3939.238,19.407,11.211,4.211,456,18.667,1105
3947.365,19.407,11.211,4.211,457,18.667,1105
3956.165,19.407,11.211,4.211,458,18.667,1105
3965.096,19.407,11.211,4.211,459,18.667,1108
3972.811,19.407,11.211,4.211,460,18.667,1108
3981.064,19.407,11.211,4.211,461,18.667,1108
3990.052,19.407,11.211,4.211,462,18.667,1108
4000.744,19.407,11.211,4.211,463,18.667,1108
4009.402,19.407,11.211,4.211,464,18.667,1108
4018.250,19.407,11.211,4.211,465,18.667,1108
4027.230,19.407,11.211,4.211,466,18.667,1108
4035.099,19.407,11.211,4.211,467,18.667,1108
4043.145,19.407,11.211,4.211,468,18.667,1108
4052.324,19.407,11.211,4.211,469,18.667,1111
4061.033,19.407,11.211,4.211,470,18.667,1111
4068.313,19.407,11.211,4.211,471,18.667,1111
4075.097,19.407,11.211,4.211,472,18.667,1111
4092.997,19.407,11.211,4.251,473,18.667,1111
4100.987,19.407,11.211,4.251,474,18.667,1111
4109.433,19.407,11.211,4.251,475,18.667,1111
4117.189,19.407,11.211,4.251,476,18.667,1111
4126.422,19.407,11.211,4.251,477,18.667,1111
4134.070,19.407,11.211,4.251,478,18.667,1111
4140.822,19.407,11.211,4.251,479,18.667,1114
4147.768,19.407,11.211,4.251,480,18.667,1114
4155.108,19.407,11.211,4.251,481,18.667,1114
4165.235,19.407,11.211,4.251,482,18.667,1114
4172.792,19.407,11.211,4.251,483,18.667,1114
4179.854,19.407,11.211,4.251,484,18.667,1114
4187.832,19.407,11.211,4.251,485,18.652,1114
4195.836,19.407,11.211,4.251,486,18.652,1114
4202.830,19.407,11.211,4.251,487,18.652,1114
4209.947,19.407,11.211,4.251,488,18.652,1114
4216.847,19.407,11.211,4.251,489,18.652,1114
4223.736,19.407,11.211,4.251,490,18.652,1114
4230.883,19.403,11.211,4.251,491,18.652,1116
4237.882,19.403,11.211,4.251,492,18.652,1116
4245.010,19.403,11.211,4.251,493,18.652,1116
4254.952,19.403,11.211,4.251,494,18.652,1116
4262.826,19.403,11.211,4.251,495,18.652,1116
4269.887,19.403,11.211,4.251,496,18.652,1116
4276.850,19.403,11.211,4.251,497,18.652,1116
4283.896,19.403,11.211,4.251,498,18.652,1116
4290.797,19.403,11.211,4.251,499,18.652,1116
4298.417,19.403,11.211,4.251,500,18.652,1116
4306.990,19.403,11.211,4.251,501,18.652,1116
4314.840,19.403,11.228,4.251,502,18.652,1116
4326.131,19.403,11.228,4.251,503,18.652,1118
4335.218,19.403,11.228,4.251,504,18.652,1118
4345.927,19.403,11.228,4.251,505,18.652,1118
4355.818,19.403,11.228,4.251,506,18.652,1118
4362.839,19.403,11.228,4.251,507,18.652,1118
4369.875,19.403,11.228,4.251,508,18.652,1118
4376.867,19.403,11.228,4.251,509,18.652,1118
4383.864,19.403,11.228,4.251,510,18.652,1118
4391.083,19.403,11.228,4.251,511,18.652,1118
4399.330,19.399,11.228,4.251,512,18.652,1118
4406.810,19.399,11.228,4.251,513,18.652,1119
4413.856,19.399,11.228,4.251,514,18.652,1119
4422.812,19.399,11.228,4.251,515,18.652,1119
4430.102,19.403,11.228,4.251,516,18.652,1119
4437.205,19.403,11.228,4.251,517,18.652,1119
4445.922,19.403,11.228,4.251,518,18.652,1119
4456.934,19.403,11.228,4.251,519,18.652,1119
4463.876,19.403,11.228,4.251,520,18.652,1119
4471.017,19.403,11.228,4.251,521,18.652,1119
4477.997,19.403,11.228,4.251,522,18.652,1119
4484.931,19.403,11.228,4.251,523,18.652,1119
4491.911,19.403,11.228,4.251,524,18.652,1119
4498.906,19.407,11.228,4.251,525,18.652,1119
4505.909,19.407,11.228,4.251,526,18.652,1119
4515.007,19.407,11.228,4.251,527,18.652,1119
4521.964,19.407,11.228,4.251,528,18.652,1119
4528.795,19.403,11.228,4.251,529,18.652,1119
4536.878,19.403,11.228,4.251,530,18.652,1119
4544.055,19.403,11.228,4.251,531,18.652,1119
4552.004,19.403,11.228,4.316,532,18.652,1119
4560.143,19.403,11.228,4.316,533,18.652,1119
4567.335,19.403,11.228,4.316,534,18.652,1119
4574.848,19.403,11.228,4.316,535,18.652,1119
4582.046,19.403,11.228,4.316,536,18.652,1119
4593.118,19.403,11.228,4.316,537,18.652,1119
4605.824,19.403,11.228,4.316,538,18.652,1119
4613.078,19.403,11.228,4.316,539,18.652,1119
4619.996,19.403,11.228,4.316,540,18.652,1119
4627.946,19.407,11.228,4.316,541,18.652,1119
4635.857,19.407,11.228,4.316,542,18.652,1119
4647.186,19.407,11.228,4.316,543,18.652,1119
4657.291,19.407,11.228,4.316,544,18.652,1119
4665.907,19.407,11.228,4.316,545,18.652,1119
4679.028,19.407,11.228,4.316,546,18.631,1122
4692.105,19.407,11.228,4.316,547,18.631,1122
4703.889,19.403,11.228,4.316,548,18.631,1122
4710.854,19.403,11.228,4.316,549,18.631,1122
4717.852,19.403,11.228,4.316,550,18.631,1122
4724.839,19.403,11.228,4.316,551,18.631,1122
4731.853,19.403,11.228,4.316,552,18.631,1122
4738.968,19.403,11.228,4.316,553,18.631,1122
4747.896,19.403,11.228,4.316,554,18.631,1122
4754.958,19.403,11.228,4.316,555,18.631,1122
4761.847,19.403,11.228,4.316,556,18.631,1122
4768.894,19.403,11.228,4.316,557,18.631,1128
4775.947,19.403,11.228,4.316,558,18.631,1128
4782.893,19.403,11.228,4.316,559,18.631,1128
4792.924,19.403,11.250,4.316,560,18.631,1128
4801.947,19.407,11.250,4.316,561,18.631,1128
4808.949,19.407,11.250,4.316,562,18.631,1128
4815.911,19.407,11.250,4.316,563,18.631,1128
4822.872,19.407,11.250,4.316,564,18.631,1128
4830.026,19.407,11.250,4.316,565,18.631,1128
4839.637,19.407,11.250,4.316,566,18.631,1128
4847.979,19.407,11.250,4.316,567,18.631,1128
4855.424,19.407,11.250,4.316,568,18.631,1128
4863.275,19.407,11.250,4.316,569,18.631,1134
4870.146,19.407,11.250,4.316,570,18.631,1134
4877.853,19.407,11.250,4.316,571,18.631,1134
4885.017,19.407,11.250,4.316,572,18.631,1134
4891.850,19.407,11.250,4.316,573,18.631,1134
4898.882,19.407,11.250,4.316,574,18.631,1134
4905.952,19.407,11.250,4.316,575,18.631,1134
4912.966,19.407,11.250,4.316,576,18.631,1134
4923.361,19.407,11.250,4.316,577,18.631,1134
4930.952,19.407,11.250,4.316,578,18.631,1134
4937.885,19.407,11.250,4.316,579,18.631,1134
4945.137,19.407,11.250,4.316,580,18.631,1134
4952.915,19.407,11.250,4.316,581,18.631,1141
4960.039,19.407,11.250,4.316,582,18.631,1141
4966.971,19.407,11.250,4.316,583,18.631,1141
4974.035,19.407,11.250,4.316,584,18.631,1141
4981.919,19.407,11.250,4.316,585,18.631,1141
4989.060,19.407,11.250,4.316,586,18.631,1141
4998.261,19.407,11.250,4.316,587,18.631,1141
5006.827,19.407,11.250,4.316,588,18.631,1141
5013.956,19.407,11.250,4.316,589,18.631,1141
5023.857,19.407,11.250,4.316,590,18.631,1141
5030.866,19.407,11.250,4.359,591,18.631,1141
5037.944,19.407,11.250,4.359,592,18.631,1146
5052.167,19.407,11.250,4.359,593,18.631,1146
5059.923,19.407,11.250,4.359,594,18.631,1146
5066.971,19.407,11.250,4.359,595,18.631,1146
5074.073,19.407,11.250,4.359,596,18.631,1146
5082.832,19.407,11.250,4.359,597,18.631,1146
5090.034,19.407,11.250,4.359,598,18.631,1146
5099.155,19.403,11.250,4.359,599,18.631,1146
5109.071,19.403,11.250,4.359,600,18.631,1146
5117.909,19.403,11.250,4.359,601,18.631,1146
5124.903,19.403,11.250,4.359,602,18.631,1146
5131.975,19.403,11.250,4.359,603,18.631,1150
5139.890,19.403,11.250,4.359,604,18.631,1150
5147.046,19.403,11.250,4.359,605,18.631,1150
5154.956,19.403,11.250,4.359,606,18.631,1150
5162.290,19.403,11.250,4.359,607,18.627,1150
5175.584,19.403,11.250,4.359,608,18.627,1150
5183.161,19.403,11.250,4.359,609,18.627,1150
5191.436,19.403,11.250,4.359,610,18.627,1150
5198.936,19.407,11.250,4.359,611,18.627,1150
5206.946,19.407,11.250,4.359,612,18.627,1150
5214.981,19.407,11.250,4.359,613,18.627,1150
5221.924,19.407,11.250,4.359,614,18.627,1154
5228.878,19.403,11.250,4.359,615,18.627,1154
5235.969,19.403,11.250,4.359,616,18.627,1154
5245.125,19.403,11.250,4.359,617,18.627,1154
5252.862,19.403,11.250,4.359,618,18.627,1154
5260.092,19.403,11.250,4.359,619,18.627,1154
5268.921,19.403,11.258,4.359,620,18.627,1154
5275.971,19.403,11.258,4.359,621,18.627,1154
5282.831,19.403,11.258,4.359,622,18.627,1154
5289.996,19.403,11.258,4.359,623,18.627,1154
5298.070,19.399,11.258,4.359,624,18.627,1154
5314.162,19.399,11.258,4.359,625,18.627,1158
5323.950,19.399,11.258,4.359,626,18.627,1158
5330.992,19.408,11.258,4.359,627,18.627,1158
5342.915,19.408,11.258,4.359,628,18.627,1158
5349.933,19.408,11.258,4.359,629,18.627,1158
5357.068,19.408,11.258,4.359,630,18.627,1158
5366.946,19.408,11.258,4.359,631,18.627,1158
5376.029,19.408,11.258,4.359,632,18.627,1158
5383.209,19.408,11.258,4.359,633,18.627,1158
5392.136,19.408,11.258,4.359,634,18.627,1158
5401.025,19.408,11.258,4.359,635,18.627,1162
5409.214,19.408,11.258,4.359,636,18.627,1162
5418.161,19.408,11.258,4.359,637,18.627,1162
5426.040,19.408,11.258,4.359,638,18.627,1162
5438.094,19.403,11.258,4.359,639,18.627,1162
5447.025,19.403,11.258,4.359,640,18.627,1162
5455.541,19.403,11.258,4.359,641,18.627,1162
5463.562,19.403,11.258,4.359,642,18.627,1162
5471.457,19.403,11.258,4.359,643,18.627,1162
5480.156,19.403,11.258,4.359,644,18.627,1162
5490.153,19.403,11.258,4.359,645,18.627,1166
5498.057,19.398,11.258,4.359,646,18.627,1166
5507.384,19.398,11.258,4.403,647,18.627,1166
5521.325,19.398,11.258,4.403,648,18.627,1166
5540.279,19.398,11.258,4.403,649,18.627,1166
5550.342,19.398,11.258,4.403,650,18.627,1166
5557.165,19.398,11.258,4.403,651,18.627,1166
5570.303,19.398,11.258,4.403,652,18.627,1166
5580.494,19.398,11.258,4.403,653,18.627,1169
5589.245,19.398,11.258,4.403,654,18.627,1169
5597.897,19.407,11.258,4.403,655,18.627,1169
5607.838,19.407,11.258,4.403,656,18.627,1169
5621.182,19.407,11.258,4.403,657,18.627,1169
5630.228,19.407,11.258,4.403,658,18.627,1169
5650.110,19.407,11.258,4.403,659,18.627,1169
5658.012,19.407,11.258,4.403,660,18.626,1169
5664.901,19.407,11.258,4.403,661,18.626,1169
5671.970,19.407,11.258,4.403,662,18.626,1172
5681.297,19.407,11.258,4.403,663,18.626,1172
5688.945,19.407,11.258,4.403,664,18.626,1172
5695.968,19.407,11.258,4.403,665,18.626,1172
5702.851,19.407,11.258,4.403,666,18.626,1172
5709.975,19.407,11.258,4.403,667,18.626,1172
5718.892,19.407,11.258,4.403,668,18.626,1172
5727.152,19.407,11.258,4.403,669,18.626,1172
5735.880,19.407,11.258,4.403,670,18.626,1172
5743.746,19.407,11.275,4.403,671,18.626,1172
5752.047,19.407,11.275,4.403,672,18.626,1172
5759.972,19.407,11.275,4.403,673,18.626,1175
5767.020,19.407,11.275,4.403,674,18.626,1175
5773.843,19.407,11.275,4.403,675,18.626,1175
5781.250,19.407,11.275,4.403,676,18.626,1175
5787.995,19.407,11.275,4.403,677,18.626,1175
5795.975,19.407,11.275,4.403,678,18.626,1175
5807.043,19.407,11.275,4.403,679,18.626,1175
5814.293,19.407,11.275,4.403,680,18.626,1175
5820.897,19.407,11.275,4.403,681,18.626,1175
5827.961,19.407,11.275,4.403,682,18.626,1175
5839.992,19.407,11.275,4.403,683,18.626,1175
5847.220,19.407,11.275,4.403,684,18.626,1177
5860.393,19.407,11.275,4.403,685,18.626,1177
5868.475,19.407,11.275,4.403,686,18.626,1177
5876.202,19.407,11.275,4.403,687,18.626,1177
5885.920,19.407,11.275,4.403,688,18.626,1177
5894.425,19.407,11.275,4.403,689,18.626,1177
5902.885,19.407,11.275,4.403,690,18.626,1177
5913.015,19.407,11.275,4.403,691,18.626,1177
5923.044,19.407,11.275,4.403,692,18.626,1177
5931.255,19.403,11.275,4.403,693,18.626,1177
5947.893,19.403,11.275,4.403,694,18.626,1179
5959.274,19.403,11.275,4.403,695,18.626,1179
5967.610,19.403,11.275,4.403,696,18.626,1179
5976.107,19.403,11.275,4.403,697,18.626,1179
5983.004,19.403,11.275,4.441,698,18.626,1179
5992.620,19.403,11.275,4.441,699,18.626,1179
6001.117,19.403,11.275,4.441,700,18.626,1179
6013.949,19.403,11.275,4.441,701,18.626,1179
6022.006,19.403,11.275,4.441,702,18.626,1179
6031.088,19.403,11.275,4.441,703,18.626,1182
6037.933,19.403,11.275,4.441,704,18.626,1182
6045.675,19.403,11.275,4.441,705,18.626,1182
6053.925,19.403,11.275,4.441,706,18.626,1182
6060.878,19.403,11.275,4.441,707,18.626,1182
6068.108,19.403,11.275,4.441,708,18.626,1182
6076.040,19.403,11.275,4.441,709,18.626,1182
6083.082,19.403,11.275,4.441,710,18.626,1182
6091.334,19.403,11.275,4.441,711,18.626,1182
6101.156,19.399,11.275,4.441,712,18.626,1182
6107.847,19.399,11.275,4.441,713,18.626,1182
6116.434,19.399,11.275,4.441,714,18.626,1185
6124.599,19.399,11.275,4.441,715,18.626,1185
6134.256,19.408,11.275,4.441,716,18.623,1185
6142.003,19.408,11.275,4.441,717,18.623,1185
6152.847,19.408,11.275,4.441,718,18.623,1185
6164.093,19.408,11.275,4.441,719,18.623,1185
6171.168,19.408,11.275,4.441,720,18.623,1185
6179.172,19.408,11.275,4.441,721,18.623,1185
6192.387,19.408,11.275,4.441,722,18.623,1185
6206.229,19.412,11.275,4.441,723,18.623,1188
6217.364,19.412,11.275,4.441,724,18.623,1188
6229.316,19.412,11.280,4.441,725,18.623,1188
6238.626,19.407,11.280,4.441,726,18.623,1188
6248.235,19.407,11.280,4.441,727,18.623,1188
6257.113,19.407,11.280,4.441,728,18.623,1188
6266.021,19.407,11.280,4.441,729,18.623,1188
6278.624,19.407,11.280,4.441,730,18.623,1188
6287.147,19.407,11.280,4.441,731,18.623,1188
6295.779,19.412,11.280,4.441,732,18.623,1192
6306.208,19.412,11.280,4.441,733,18.623,1192
6313.440,19.412,11.280,4.441,734,18.623,1192
6322.383,19.412,11.280,4.441,735,18.623,1192
6333.299,19.412,11.280,4.441,736,18.623,1192
6342.314,19.412,11.280,4.441,737,18.623,1192
6351.202,19.412,11.280,4.441,738,18.623,1192
6361.989,19.412,11.280,4.441,739,18.623,1192
6370.545,19.412,11.280,4.441,740,18.623,1192
6379.071,19.412,11.280,4.441,741,18.623,1192
6391.248,19.412,11.280,4.441,742,18.623,1196
6402.808,19.412,11.280,4.441,743,18.623,1196
6421.785,19.412,11.280,4.441,744,18.623,1196
6430.264,19.408,11.280,4.441,745,18.623,1196
6438.187,19.408,11.280,4.441,746,18.623,1196
6447.701,19.408,11.280,4.441,747,18.623,1196
6464.103,19.408,11.280,4.479,748,18.623,1196
6472.359,19.408,11.280,4.479,749,18.623,1196
6481.354,19.408,11.280,4.479,750,18.623,1198
6490.197,19.408,11.280,4.479,751,18.623,1198
6499.030,19.408,11.280,4.479,752,18.623,1198
6508.026,19.408,11.280,4.479,753,18.623,1198
6520.229,19.408,11.280,4.479,754,18.623,1198
6529.310,19.408,11.280,4.479,755,18.623,1198
6539.003,19.408,11.280,4.479,756,18.623,1198
6547.291,19.408,11.280,4.479,757,18.623,1198
6558.660,19.408,11.280,4.479,758,18.623,1198
6566.159,19.408,11.280,4.479,759,18.623,1199
6575.857,19.408,11.280,4.479,760,18.623,1199
6583.924,19.408,11.280,4.479,761,18.623,1199
6591.274,19.408,11.280,4.479,762,18.623,1199
6600.579,19.403,11.280,4.479,763,18.623,1199
6609.374,19.403,11.280,4.479,764,18.623,1199
6616.235,19.403,11.280,4.479,765,18.623,1199
6623.265,19.403,11.280,4.479,766,18.620,1199
6632.116,19.403,11.280,4.479,767,18.620,1199
6641.806,19.403,11.280,4.479,768,18.620,1199
6651.234,19.403,11.280,4.479,769,18.620,1199
6659.418,19.403,11.280,4.479,770,18.620,1199
6668.428,19.403,11.280,4.479,771,18.620,1199
6676.895,19.403,11.280,4.479,772,18.620,1199
6686.027,19.403,11.280,4.479,773,18.620,1199
6697.464,19.408,11.287,4.479,774,18.620,1199
6710.952,19.408,11.287,4.479,775,18.620,1199
6723.256,19.408,11.287,4.479,776,18.620,1199
6730.983,19.417,11.287,4.479,777,18.620,1199
6747.085,19.417,11.287,4.479,778,18.620,1199
6757.720,19.417,11.287,4.479,779,18.620,1199
6767.498,19.417,11.287,4.479,780,18.620,1199
6774.943,19.417,11.287,4.479,781,18.620,1199
6781.971,19.417,11.287,4.479,782,18.620,1199
6788.969,19.417,11.287,4.479,783,18.620,1199
6796.024,19.417,11.287,4.479,784,18.620,1199
6802.857,19.417,11.287,4.479,785,18.620,1199
6810.031,19.417,11.287,4.479,786,18.620,1199
6818.229,19.417,11.287,4.479,787,18.620,1199
6825.013,19.417,11.287,4.479,788,18.620,1199
6831.865,19.408,11.287,4.479,789,18.620,1199
6839.022,19.408,11.287,4.479,790,18.620,1200
6847.115,19.408,11.287,4.479,791,18.620,1200
6855.096,19.408,11.287,4.479,792,18.620,1200
6862.045,19.408,11.287,4.479,793,18.620,1200
6871.063,19.408,11.287,4.479,794,18.620,1200
6878.423,19.408,11.287,4.479,795,18.620,1200
6886.043,19.408,11.287,4.479,796,18.620,1200
6894.106,19.403,11.287,4.479,797,18.620,1200
6902.107,19.403,11.287,4.479,798,18.620,1200
6910.903,19.403,11.287,4.479,799,18.620,1200
6928.131,19.403,11.287,4.479,800,18.620,1204
6946.041,19.407,11.287,4.529,801,18.620,1204
6956.074,19.407,11.287,4.529,802,18.620,1204
6963.947,19.407,11.287,4.529,803,18.620,1204
6972.108,19.407,11.287,4.529,804,18.620,1204
6979.020,19.407,11.287,4.529,805,18.620,1204
6987.060,19.407,11.287,4.529,806,18.620,1204
6993.865,19.412,11.287,4.529,807,18.620,1204
7000.987,19.412,11.287,4.529,808,18.620,1204
7007.949,19.412,11.287,4.529,809,18.620,1204
7014.853,19.412,11.287,4.529,810,18.620,1211
7022.959,19.412,11.287,4.529,811,18.620,1211
7030.251,19.412,11.287,4.529,812,18.620,1211
7036.969,19.412,11.287,4.529,813,18.620,1211
7044.086,19.412,11.287,4.529,814,18.620,1211
7051.969,19.412,11.287,4.529,815,18.620,1211
7060.214,19.412,11.287,4.529,816,18.620,1211
7068.026,19.412,11.287,4.529,817,18.620,1211
7076.043,19.412,11.287,4.529,818,18.620,1211
7082.938,19.412,11.287,4.529,819,18.620,1211
7090.985,19.412,11.287,4.529,820,18.620,1211
7099.052,19.412,11.287,4.529,821,18.620,1211
7109.008,19.412,11.287,4.529,822,18.618,1219
7122.296,19.412,11.287,4.529,823,18.618,1219
7129.013,19.408,11.287,4.529,824,18.618,1219
7137.009,19.408,11.287,4.529,825,18.618,1219
7145.076,19.408,11.287,4.529,826,18.618,1219
7152.986,19.408,11.287,4.529,827,18.618,1219
7161.029,19.408,11.287,4.529,828,18.618,1219
7171.153,19.408,11.289,4.529,829,18.618,1219
7179.043,19.408,11.289,4.529,830,18.618,1219
7193.068,19.408,11.289,4.529,831,18.618,1219
7199.992,19.408,11.289,4.529,832,18.618,1227
7210.699,19.408,11.289,4.529,833,18.618,1227
7218.901,19.408,11.289,4.529,834,18.618,1227
7227.880,19.408,11.289,4.529,835,18.618,1227
7235.870,19.408,11.289,4.529,836,18.618,1227
7243.072,19.408,11.289,4.529,837,18.618,1227
7249.929,19.408,11.289,4.529,838,18.618,1227
7256.882,19.408,11.289,4.529,839,18.618,1227
7265.057,19.408,11.289,4.529,840,18.618,1227
7271.961,19.408,11.289,4.529,841,18.618,1227
7279.010,19.408,11.289,4.529,842,18.618,1227
7285.905,19.408,11.289,4.529,843,18.618,1234
7293.192,19.408,11.289,4.529,844,18.618,1234
7302.005,19.408,11.289,4.529,845,18.618,1234
7309.057,19.408,11.289,4.529,846,18.618,1234
7316.613,19.408,11.289,4.529,847,18.618,1234
7325.176,19.408,11.289,4.529,848,18.618,1234
7331.889,19.412,11.289,4.529,849,18.618,1234
7339.904,19.412,11.289,4.529,850,18.618,1234
7347.045,19.412,11.289,4.529,851,18.618,1234
7355.075,19.412,11.289,4.529,852,18.618,1234
7362.958,19.412,11.289,4.529,853,18.618,1234
7369.959,19.412,11.289,4.529,854,18.618,1234
7377.083,19.412,11.289,4.529,855,18.618,1238
7384.063,19.412,11.289,4.529,856,18.618,1238
7393.206,19.412,11.289,4.529,857,18.618,1238
7399.993,19.412,11.289,4.529,858,18.618,1238
7406.879,19.412,11.289,4.566,859,18.618,1238
7414.018,19.412,11.289,4.566,860,18.618,1238
7420.889,19.412,11.289,4.566,861,18.618,1238
7427.905,19.412,11.289,4.566,862,18.618,1238
7434.879,19.412,11.289,4.566,863,18.618,1238
7442.071,19.412,11.289,4.566,864,18.618,1238
7449.233,19.412,11.289,4.566,865,18.618,1238
7455.968,19.412,11.289,4.566,866,18.618,1238
7463.488,19.412,11.289,4.566,867,18.618,1238
7471.340,19.412,11.289,4.566,868,18.618,1242
7479.969,19.412,11.289,4.566,869,18.618,1242
7486.902,19.412,11.289,4.566,870,18.618,1242
7498.005,19.412,11.289,4.566,871,18.618,1242
7505.899,19.412,11.289,4.566,872,18.618,1242
7513.074,19.412,11.289,4.566,873,18.618,1242
7521.109,19.412,11.289,4.566,874,18.618,1242
7529.066,19.412,11.289,4.566,875,18.618,1242
7538.029,19.412,11.289,4.566,876,18.618,1242
7550.818,19.412,11.289,4.566,877,18.618,1242
7558.209,19.412,11.289,4.566,878,18.618,1239
7566.970,19.412,11.289,4.566,879,18.618,1239
7575.039,19.412,11.289,4.566,880,18.618,1239
7581.974,19.412,11.289,4.566,881,18.618,1239
7588.990,19.412,11.289,4.566,882,18.618,1239
7596.042,19.412,11.289,4.566,883,18.588,1239
7604.703,19.412,11.289,4.566,884,18.588,1239
7614.123,19.412,11.289,4.566,885,18.588,1239
7622.171,19.412,11.289,4.566,886,18.588,1239
7631.071,19.412,11.289,4.566,887,18.588,1239
7639.105,19.412,11.289,4.566,888,18.588,1239
7646.125,19.412,11.294,4.566,889,18.588,1226
7655.182,19.412,11.294,4.566,890,18.588,1226
7664.193,19.412,11.294,4.566,891,18.588,1226
7672.361,19.412,11.294,4.566,892,18.588,1226
7680.388,19.412,11.294,4.566,893,18.588,1226
7689.105,19.412,11.294,4.566,894,18.588,1226
7697.486,19.412,11.294,4.566,895,18.588,1226
7709.464,19.412,11.294,4.566,896,18.588,1226
7723.217,19.412,11.294,4.566,897,18.588,1226
7733.122,19.408,11.294,4.566,898,18.588,1226
7740.045,19.408,11.294,4.566,899,18.588,1217
7747.102,19.408,11.294,4.566,900,18.588,1217
7756.309,19.408,11.294,4.566,901,18.588,1217
7765.058,19.408,11.294,4.566,902,18.588,1217
7773.977,19.408,11.294,4.566,903,18.588,1217
7782.009,19.408,11.294,4.566,904,18.588,1217
7791.794,19.408,11.294,4.566,905,18.588,1217
7799.901,19.403,11.294,4.566,906,18.588,1217
7808.413,19.403,11.294,4.566,907,18.588,1217
7817.056,19.403,11.294,4.566,908,18.588,1217
7828.550,19.403,11.294,4.566,909,18.588,1216
7838.043,19.407,11.294,4.566,910,18.588,1216
7847.004,19.407,11.294,4.566,911,18.588,1216
7855.904,19.407,11.294,4.566,912,18.588,1216
7864.215,19.407,11.294,4.566,913,18.588,1216
7872.190,19.407,11.294,4.566,914,18.588,1216
7880.236,19.407,11.294,4.616,915,18.588,1216
7887.177,19.407,11.294,4.616,916,18.588,1216
7894.915,19.412,11.294,4.616,917,18.588,1216
7902.172,19.412,11.294,4.616,918,18.588,1216
7915.010,19.412,11.294,4.616,919,18.588,1221
7925.903,19.412,11.294,4.616,920,18.588,1221
7933.162,19.412,11.294,4.616,921,18.588,1221
7939.929,19.412,11.294,4.616,922,18.588,1221
7947.102,19.412,11.294,4.616,923,18.588,1221
7954.984,19.412,11.294,4.616,924,18.588,1221
7963.102,19.412,11.294,4.616,925,18.588,1221
7972.614,19.412,11.294,4.616,926,18.588,1221
7981.061,19.412,11.294,4.616,927,18.588,1221
7988.140,19.412,11.294,4.616,928,18.588,1221
7994.897,19.412,11.294,4.616,929,18.588,1221
8001.947,19.412,11.294,4.616,930,18.588,1221
8008.182,19.412,11.294,4.616,931,18.588,1235
8015.854,19.412,11.294,4.616,932,18.588,1235
8022.927,19.412,11.294,4.616,933,18.588,1235
8030.279,19.408,11.294,4.616,934,18.588,1235
8038.394,19.408,11.294,4.616,935,18.588,1235
8046.146,19.408,11.294,4.616,936,18.588,1235
8054.052,19.408,11.294,4.616,937,18.588,1235
8060.942,19.408,11.294,4.616,938,18.588,1235
8069.999,19.408,11.294,4.616,939,18.588,1235
8080.989,19.408,11.294,4.616,940,18.561,1235
8090.195,19.408,11.294,4.616,941,18.561,1235
8100.784,19.408,11.294,4.616,942,18.561,1244
8110.058,19.408,11.294,4.616,943,18.561,1244
8117.150,19.408,11.297,4.616,944,18.561,1244
8127.803,19.408,11.297,4.616,945,18.561,1244
8137.177,19.412,11.297,4.616,946,18.561,1244
8148.038,19.412,11.297,4.616,947,18.561,1244
8157.107,19.412,11.297,4.616,948,18.561,1244
8169.008,19.412,11.297,4.616,949,18.561,1244
8180.088,19.412,11.297,4.616,950,18.561,1244
8188.203,19.412,11.297,4.616,951,18.561,1245
8198.007,19.412,11.297,4.616,952,18.561,1245
8207.326,19.412,11.297,4.616,953,18.561,1245
8219.045,19.412,11.297,4.616,954,18.561,1245
8236.337,19.412,11.297,4.616,955,18.561,1245
8248.056,19.408,11.297,4.616,956,18.561,1245
8258.544,19.408,11.297,4.616,957,18.561,1245
8268.340,19.408,11.297,4.616,958,18.561,1245
8276.542,19.408,11.297,4.616,959,18.561,1245
8284.853,19.408,11.297,4.616,960,18.561,1245
8293.974,19.408,11.297,4.616,961,18.561,1245
8301.149,19.403,11.297,4.616,962,18.561,1245
8308.087,19.403,11.297,4.616,963,18.561,1245
8315.263,19.403,11.297,4.616,964,18.561,1245
8323.261,19.403,11.297,4.616,965,18.561,1245
8331.028,19.407,11.297,4.616,966,18.561,1245
8339.210,19.407,11.297,4.616,967,18.561,1245
8346.112,19.407,11.297,4.616,968,18.561,1245
8353.987,19.407,11.297,4.658,969,18.561,1245
8364.007,19.407,11.297,4.658,970,18.561,1242
8372.846,19.407,11.297,4.658,971,18.561,1242
8383.394,19.407,11.297,4.658,972,18.561,1242
8392.107,19.407,11.297,4.658,973,18.561,1242
8401.098,19.407,11.297,4.658,974,18.561,1242
8408.110,19.407,11.297,4.658,975,18.561,1242
8416.050,19.407,11.297,4.658,976,18.561,1242
8426.063,19.407,11.297,4.658,977,18.561,1242
8433.993,19.407,11.297,4.658,978,18.561,1242
8442.035,19.407,11.297,4.658,979,18.561,1242
8450.057,19.407,11.297,4.658,980,18.561,1242
8457.100,19.407,11.297,4.658,981,18.561,1237
8464.172,19.407,11.297,4.658,982,18.561,1237
8470.956,19.407,11.297,4.658,983,18.561,1237
8480.106,19.407,11.297,4.658,984,18.561,1237
8488.009,19.407,11.297,4.658,985,18.561,1237
8495.085,19.412,11.297,4.658,986,18.561,1237
8501.999,19.412,11.297,4.658,987,18.561,1237
8509.191,19.412,11.297,4.658,988,18.561,1237
8516.045,19.412,11.297,4.658,989,18.561,1237
8523.175,19.412,11.297,4.658,990,18.561,1237
8530.128,19.412,11.297,4.658,991,18.561,1237
8538.175,19.412,11.297,4.658,992,18.561,1237
8546.249,19.412,11.297,4.658,993,18.561,1228
8553.070,19.412,11.297,4.658,994,18.561,1228
8560.180,19.412,11.297,4.658,995,18.561,1228
8567.017,19.412,11.297,4.658,996,18.556,1228
8573.981,19.412,11.297,4.658,997,18.556,1228
8581.148,19.412,11.297,4.658,998,18.556,1228
8589.113,19.412,11.297,4.658,999,18.556,1228
8600.009,19.407,11.301,4.658,1000,18.556,1228
8607.014,19.407,11.301,4.658,1001,18.556,1228
8615.037,19.407,11.301,4.658,1002,18.556,1228
8623.009,19.407,11.301,4.658,1003,18.556,1228
8630.200,19.403,11.301,4.658,1004,18.556,1228
8637.990,19.403,11.301,4.658,1005,18.556,1219
8645.334,19.403,11.301,4.658,1006,18.556,1219
8653.014,19.403,11.301,4.658,1007,18.556,1219
8660.144,19.403,11.301,4.658,1008,18.556,1219
8669.147,19.403,11.301,4.658,1009,18.556,1219
8679.212,19.403,11.301,4.658,1010,18.556,1219
8690.160,19.403,11.301,4.658,1011,18.556,1219
8700.094,19.408,11.301,4.658,1012,18.556,1219
8709.204,19.408,11.301,4.658,1013,18.556,1219
8716.104,19.408,11.301,4.658,1014,18.556,1219
8726.195,19.408,11.301,4.658,1015,18.556,1212
8744.083,19.412,11.301,4.658,1016,18.556,1212
8752.033,19.412,11.301,4.658,1017,18.556,1212
8759.100,19.412,11.301,4.658,1018,18.556,1212
8767.726,19.412,11.301,4.658,1019,18.556,1212
8775.155,19.412,11.301,4.658,1020,18.556,1212
8783.409,19.412,11.301,4.658,1021,18.556,1212
8792.042,19.412,11.301,4.658,1022,18.556,1212
8799.034,19.407,11.301,4.658,1023,18.556,1212
8806.089,19.407,11.301,4.658,1024,18.556,1212
8813.099,19.407,11.301,4.658,1025,18.556,1209
8820.527,19.407,11.301,4.658,1026,18.556,1209
8828.177,19.407,11.301,4.693,1027,18.556,1209
8836.002,19.407,11.301,4.693,1028,18.556,1209
8847.068,19.407,11.301,4.693,1029,18.556,1209
8854.126,19.407,11.301,4.693,1030,18.556,1209
8860.936,19.407,11.301,4.693,1031,18.556,1209
8870.039,19.407,11.301,4.693,1032,18.556,1209
8877.466,19.407,11.301,4.693,1033,18.556,1209
8885.118,19.407,11.301,4.693,1034,18.556,1209
8891.979,19.407,11.301,4.693,1035,18.556,1209
8900.089,19.407,11.301,4.693,1036,18.556,1209
8906.929,19.407,11.301,4.693,1037,18.556,1211
8914.929,19.407,11.301,4.693,1038,18.556,1211
8923.121,19.407,11.301,4.693,1039,18.556,1211
8931.048,19.407,11.301,4.693,1040,18.556,1211
8938.022,19.407,11.301,4.693,1041,18.556,1211
8944.934,19.407,11.301,4.693,1042,18.556,1211
8951.936,19.407,11.301,4.693,1043,18.556,1211
8958.981,19.407,11.301,4.693,1044,18.556,1211
8966.232,19.407,11.301,4.693,1045,18.556,1211
8973.974,19.407,11.301,4.693,1046,18.556,1211
8981.191,19.407,11.301,4.693,1047,18.556,1211
8988.102,19.407,11.301,4.693,1048,18.556,1211
8998.937,19.412,11.301,4.693,1049,18.556,1215
9006.125,19.412,11.301,4.693,1050,18.556,1215
9014.124,19.412,11.301,4.693,1051,18.556,1215
9022.287,19.412,11.301,4.693,1052,18.556,1215
9031.130,19.408,11.301,4.693,1053,18.556,1215
9039.154,19.408,11.301,4.693,1054,18.556,1215
9047.094,19.408,11.301,4.693,1055,18.556,1215
9055.539,19.408,11.301,4.693,1056,18.549,1215
9063.169,19.408,11.301,4.693,1057,18.549,1215
9070.077,19.408,11.303,4.693,1058,18.549,1215
9079.142,19.408,11.303,4.693,1059,18.549,1215
9085.998,19.408,11.303,4.693,1060,18.549,1221
9094.985,19.408,11.303,4.693,1061,18.549,1221
9102.020,19.403,11.303,4.693,1062,18.549,1221
9116.243,19.403,11.303,4.693,1063,18.549,1221
9122.952,19.403,11.303,4.693,1064,18.549,1221
9131.099,19.403,11.303,4.693,1065,18.549,1221
9139.945,19.403,11.303,4.693,1066,18.549,1221
9147.026,19.403,11.303,4.693,1067,18.549,1221
9154.021,19.403,11.303,4.693,1068,18.549,1221
9161.947,19.403,11.303,4.693,1069,18.549,1221
9169.056,19.403,11.303,4.693,1070,18.549,1221
9178.047,19.403,11.303,4.693,1071,18.549,1228
9187.998,19.403,11.303,4.693,1072,18.549,1228
9196.022,19.403,11.303,4.693,1073,18.549,1228
9203.640,19.403,11.303,4.693,1074,18.549,1228
9211.983,19.403,11.303,4.693,1075,18.549,1228
9219.096,19.403,11.303,4.693,1076,18.549,1228
9228.993,19.407,11.303,4.693,1077,18.549,1228
9236.029,19.407,11.303,4.693,1078,18.549,1228
9247.399,19.407,11.303,4.693,1079,18.549,1228
9255.349,19.407,11.303,4.693,1080,18.549,1228
9266.293,19.407,11.303,4.693,1081,18.549,1232
9276.598,19.407,11.303,4.693,1082,18.549,1232
9288.323,19.407,11.303,4.693,1083,18.549,1232
9303.529,19.412,11.303,4.693,1084,18.549,1232
9313.300,19.412,11.303,4.758,1085,18.549,1232
9322.530,19.412,11.303,4.758,1086,18.549,1232
9332.413,19.412,11.303,4.758,1087,18.549,1232
9341.208,19.412,11.303,4.758,1088,18.549,1232
9351.808,19.412,11.303,4.758,1089,18.549,1232
9363.548,19.412,11.303,4.758,1090,18.549,1233
9372.359,19.412,11.303,4.758,1091,18.549,1233
9380.524,19.412,11.303,4.758,1092,18.549,1233
9390.269,19.412,11.303,4.758,1093,18.549,1233
9401.401,19.407,11.303,4.758,1094,18.549,1233
9410.157,19.407,11.303,4.758,1095,18.549,1233
9418.438,19.407,11.303,4.758,1096,18.549,1233
9426.705,19.407,11.303,4.758,1097,18.549,1233
9442.286,19.407,11.303,4.758,1098,18.549,1233
9450.854,19.407,11.303,4.758,1099,18.549,1233
9476.197,19.407,11.303,4.758,1100,18.549,1233
9483.036,19.407,11.303,4.758,1101,18.549,1233
9489.932,19.407,11.303,4.758,1102,18.549,1233
9499.294,19.407,11.303,4.758,1103,18.549,1233
9507.965,19.407,11.303,4.758,1104,18.549,1233
9519.388,19.407,11.303,4.758,1105,18.549,1233
9533.689,19.407,11.303,4.758,1106,18.549,1231
9542.486,19.407,11.303,4.758,1107,18.533,1231
9555.251,19.407,11.302,4.758,1108,18.533,1231
9567.167,19.407,11.302,4.758,1109,18.533,1231
9574.232,19.407,11.302,4.758,1110,18.533,1231
9581.132,19.407,11.302,4.758,1111,18.533,1231
9589.156,19.407,11.302,4.758,1112,18.533,1231
9597.243,19.412,11.302,4.758,1113,18.533,1231
9606.160,19.412,11.302,4.758,1114,18.533,1231
9613.204,19.412,11.302,4.758,1115,18.533,1231
9622.180,19.412,11.302,4.758,1116,18.533,1230
9630.224,19.408,11.302,4.758,1117,18.533,1230
9638.161,19.408,11.302,4.758,1118,18.533,1230
9646.073,19.408,11.302,4.758,1119,18.533,1230
9653.994,19.408,11.302,4.758,1120,18.533,1230
9660.973,19.408,11.302,4.758,1121,18.533,1230
9668.504,19.408,11.302,4.758,1122,18.533,1230
9676.146,19.408,11.302,4.758,1123,18.533,1230
9683.072,19.408,11.302,4.758,1124,18.533,1230
9693.172,19.408,11.302,4.758,1125,18.533,1230
9700.939,19.408,11.302,4.758,1126,18.533,1230
9708.463,19.408,11.302,4.758,1127,18.533,1230
9715.002,19.408,11.302,4.758,1128,18.533,1231
9723.268,19.408,11.302,4.758,1129,18.533,1231
9731.121,19.412,11.302,4.758,1130,18.533,1231
9740.181,19.412,11.302,4.758,1131,18.533,1231
9747.290,19.412,11.302,4.758,1132,18.533,1231
9761.001,19.412,11.302,4.758,1133,18.533,1231
9769.254,19.412,11.302,4.758,1134,18.533,1231
9777.043,19.412,11.302,4.758,1135,18.533,1231
9785.100,19.412,11.302,4.792,1136,18.533,1231
9793.160,19.412,11.302,4.792,1137,18.533,1231
9805.408,19.407,11.302,4.792,1138,18.533,1231
9816.405,19.407,11.302,4.792,1139,18.533,1231
9823.950,19.407,11.302,4.792,1140,18.533,1231
9831.512,19.403,11.302,4.792,1141,18.533,1231
9840.481,19.403,11.302,4.792,1142,18.533,1231
9848.188,19.403,11.302,4.792,1143,18.533,1231
9856.338,19.403,11.302,4.792,1144,18.533,1231
9864.183,19.403,11.302,4.792,1145,18.533,1231
9871.015,19.403,11.302,4.792,1146,18.533,1231
9878.066,19.403,11.302,4.792,1147,18.533,1231
9889.139,19.403,11.302,4.792,1148,18.533,1231
9896.110,19.408,11.302,4.792,1149,18.533,1231
9904.008,19.408,11.302,4.792,1150,18.533,1231
9911.079,19.408,11.302,4.792,1151,18.533,1231
9919.139,19.408,11.302,4.792,1152,18.533,1231
9928.174,19.408,11.302,4.792,1153,18.533,1231
9942.321,19.412,11.302,4.792,1154,18.533,1231
9955.284,19.412,11.302,4.792,1155,18.533,1231
9963.241,19.412,11.302,4.792,1156,18.533,1231
9973.070,19.412,11.302,4.792,1157,18.533,1231
9980.170,19.412,11.302,4.792,1158,18.533,1231
9989.350,19.412,11.302,4.792,1159,18.533,1230
9998.149,19.407,11.302,4.792,1160,18.533,1230
10010.983,19.407,11.302,4.792,1161,18.533,1230
10019.029,19.407,11.309,4.792,1162,18.533,1230
10026.331,19.407,11.309,4.792,1163,18.522,1230
10033.308,19.407,11.309,4.792,1164,18.522,1230
10041.104,19.407,11.309,4.792,1165,18.522,1230
10048.968,19.407,11.309,4.792,1166,18.522,1230
10056.187,19.407,11.309,4.792,1167,18.522,1230
10064.239,19.407,11.309,4.792,1168,18.522,1230
10072.200,19.407,11.309,4.792,1169,18.522,1228
10080.312,19.407,11.309,4.792,1170,18.522,1228
10088.369,19.407,11.309,4.792,1171,18.522,1228
10096.140,19.412,11.309,4.792,1172,18.522,1228
10103.084,19.412,11.309,4.792,1173,18.522,1228
10113.188,19.412,11.309,4.792,1174,18.522,1228
10119.986,19.412,11.309,4.792,1175,18.522,1228
10128.028,19.408,11.309,4.792,1176,18.522,1228
10135.113,19.408,11.309,4.792,1177,18.522,1228
10146.210,19.408,11.309,4.792,1178,18.522,1228
10155.852,19.408,11.309,4.792,1179,18.522,1228
10165.260,19.408,11.309,4.792,1180,18.522,1226
10173.052,19.408,11.309,4.792,1181,18.522,1226
10180.252,19.408,11.309,4.792,1182,18.522,1226
10187.239,19.408,11.309,4.792,1183,18.522,1226
10198.093,19.408,11.309,4.792,1184,18.522,1226
10205.142,19.408,11.309,4.792,1185,18.522,1226
10213.324,19.408,11.309,4.792,1186,18.522,1226
10221.439,19.408,11.309,4.792,1187,18.522,1226
10230.124,19.408,11.309,4.792,1188,18.522,1226
10237.110,19.408,11.309,4.792,1189,18.522,1226
10247.236,19.408,11.309,4.792,1190,18.522,1226
10258.963,19.408,11.309,4.828,1191,18.522,1224
10291.551,19.408,11.309,4.828,1192,18.522,1224
10305.053,19.403,11.309,4.828,1193,18.522,1224
10318.069,19.403,11.309,4.828,1194,18.522,1224
10334.073,19.403,11.309,4.828,1195,18.522,1224
10354.536,19.407,11.309,4.828,1196,18.522,1222
10372.139,19.407,11.309,4.828,1197,18.522,1222
10390.634,19.407,11.309,4.828,1198,18.522,1222
10406.056,19.407,11.309,4.828,1199,18.522,1222
10419.202,19.407,11.309,4.828,1200,18.522,1222
10439.282,19.407,11.309,4.828,1201,18.522,1221
10450.354,19.407,11.309,4.828,1202,18.522,1221
10459.117,19.407,11.309,4.828,1203,18.522,1221
10466.057,19.407,11.309,4.828,1204,18.522,1221
10473.188,19.407,11.309,4.828,1205,18.522,1221
10480.147,19.407,11.309,4.828,1206,18.522,1221
10488.156,19.407,11.309,4.828,1207,18.522,1221
10496.108,19.412,11.306,4.828,1208,18.522,1221
10504.586,19.412,11.306,4.828,1209,18.522,1221
10514.667,19.412,11.306,4.828,1210,18.507,1221
10522.169,19.412,11.306,4.828,1211,18.507,1222
10530.167,19.408,11.306,4.828,1212,18.507,1222
10538.282,19.408,11.306,4.828,1213,18.507,1222
10547.105,19.408,11.306,4.828,1214,18.507,1222
10556.123,19.408,11.306,4.828,1215,18.507,1222
10563.152,19.408,11.306,4.828,1216,18.507,1222
10571.125,19.408,11.306,4.828,1217,18.507,1222
10578.032,19.408,11.306,4.828,1218,18.507,1222
10587.090,19.408,11.306,4.828,1219,18.507,1222
10595.992,19.408,11.306,4.828,1220,18.507,1222
10605.101,19.408,11.306,4.828,1221,18.507,1222
10612.171,19.408,11.306,4.828,1222,18.507,1222
10621.013,19.408,11.306,4.828,1223,18.507,1222
10627.021,19.408,11.306,4.828,1224,18.507,1222
10634.052,19.408,11.306,4.828,1225,18.507,1222
10641.155,19.408,11.306,4.828,1226,18.507,1222
10655.423,19.408,11.306,4.828,1227,18.507,1222
10662.025,19.408,11.306,4.828,1228,18.507,1222
10669.104,19.408,11.306,4.828,1229,18.507,1222
10676.273,19.408,11.306,4.828,1230,18.507,1222
10683.178,19.408,11.306,4.828,1231,18.507,1222
10690.074,19.408,11.306,4.828,1232,18.507,1222
10699.401,19.408,11.306,4.828,1233,18.507,1222
10707.102,19.408,11.306,4.828,1234,18.507,1220
10714.113,19.408,11.306,4.828,1235,18.507,1220
10722.020,19.408,11.306,4.828,1236,18.507,1220
10729.015,19.408,11.306,4.872,1237,18.507,1220
10735.982,19.408,11.306,4.872,1238,18.507,1220
10743.992,19.408,11.306,4.872,1239,18.507,1220
10751.123,19.408,11.306,4.872,1240,18.507,1220
10758.095,19.408,11.306,4.872,1241,18.507,1220
10768.191,19.408,11.306,4.872,1242,18.507,1220
10775.174,19.408,11.306,4.872,1243,18.507,1220
10782.103,19.408,11.306,4.872,1244,18.507,1220
10789.065,19.408,11.306,4.872,1245,18.507,1220
10797.791,19.403,11.306,4.872,1246,18.507,1218
10805.183,19.403,11.306,4.872,1247,18.507,1218
10812.104,19.403,11.306,4.872,1248,18.507,1218
10821.113,19.403,11.306,4.872,1249,18.507,1218
10828.113,19.403,11.306,4.872,1250,18.507,1218
10835.093,19.403,11.306,4.872,1251,18.507,1218
10845.058,19.403,11.306,4.872,1252,18.507,1218
10852.456,19.403,11.306,4.872,1253,18.507,1218
10860.127,19.403,11.306,4.872,1254,18.507,1218
10867.318,19.403,11.306,4.872,1255,18.507,1218
10874.251,19.403,11.306,4.872,1256,18.507,1218
10882.063,19.403,11.306,4.872,1257,18.507,1215
10889.216,19.403,11.306,4.872,1258,18.507,1215
10896.420,19.408,11.306,4.872,1259,18.507,1215
10904.060,19.408,11.306,4.872,1260,18.507,1215
10912.113,19.408,11.306,4.872,1261,18.507,1215
10921.172,19.408,11.306,4.872,1262,18.507,1215
10928.059,19.412,11.306,4.872,1263,18.507,1215
10936.095,19.412,11.306,4.872,1264,18.507,1215
10945.118,19.412,11.306,4.872,1265,18.507,1215
10953.219,19.412,11.306,4.872,1266,18.507,1215
10964.323,19.412,11.306,4.872,1267,18.507,1215
10972.256,19.412,11.305,4.872,1268,18.507,1213
10979.120,19.412,11.305,4.872,1269,18.507,1213
10987.072,19.412,11.305,4.872,1270,18.507,1213
10996.874,19.407,11.305,4.872,1271,18.480,1213
11006.252,19.407,11.305,4.872,1272,18.480,1213
11017.896,19.407,11.305,4.872,1273,18.480,1213
11025.521,19.407,11.305,4.872,1274,18.480,1213
11034.333,19.403,11.305,4.872,1275,18.480,1213
11042.334,19.403,11.305,4.872,1276,18.480,1213
11053.063,19.403,11.305,4.872,1277,18.480,1213
11060.027,19.403,11.305,4.872,1278,18.480,1212
11067.205,19.403,11.305,4.872,1279,18.480,1212
11074.081,19.403,11.305,4.872,1280,18.480,1212
11082.045,19.403,11.305,4.872,1281,18.480,1212
11092.829,19.403,11.305,4.872,1282,18.480,1212
11100.232,19.403,11.305,4.872,1283,18.480,1212
11107.106,19.403,11.305,4.872,1284,18.480,1212
11116.176,19.403,11.305,4.872,1285,18.480,1212
11125.348,19.403,11.305,4.872,1286,18.480,1212
11132.131,19.407,11.305,4.872,1287,18.480,1212
11163.434,19.407,11.305,4.872,1288,18.480,1213
11186.846,19.407,11.305,4.872,1289,18.480,1213
11219.342,19.403,11.305,4.872,1290,18.480,1213
11232.535,19.403,11.305,4.912,1291,18.480,1213
11296.144,19.399,11.305,4.912,1292,18.480,1214
11312.795,19.403,11.305,4.912,1293,18.480,1214
11328.210,19.403,11.305,4.912,1294,18.480,1214
11338.371,19.403,11.305,4.912,1295,18.480,1214
11347.091,19.403,11.305,4.912,1296,18.480,1214
11354.080,19.403,11.305,4.912,1297,18.480,1214
11363.220,19.403,11.305,4.912,1298,18.480,1214
11370.153,19.403,11.305,4.912,1299,18.480,1214
11380.202,19.403,11.305,4.912,1300,18.480,1214
11391.431,19.403,11.305,4.912,1301,18.480,1214
11398.072,19.403,11.305,4.912,1302,18.480,1214
11407.360,19.403,11.305,4.912,1303,18.480,1214
11417.308,19.403,11.305,4.912,1304,18.480,1214
11424.231,19.403,11.305,4.912,1305,18.480,1214
11432.055,19.407,11.305,4.912,1306,18.480,1214
11440.129,19.407,11.305,4.912,1307,18.480,1214
11449.834,19.407,11.307,4.912,1308,18.480,1214
11457.194,19.407,11.307,4.912,1309,18.480,1214
11464.188,19.407,11.307,4.912,1310,18.480,1214
11472.308,19.407,11.307,4.912,1311,18.480,1214
11480.188,19.407,11.307,4.912,1312,18.466,1214
11487.104,19.407,11.307,4.912,1313,18.466,1214
11494.318,19.403,11.307,4.912,1314,18.466,1214
11502.132,19.403,11.307,4.912,1315,18.466,1214
11509.245,19.403,11.307,4.912,1316,18.466,1213
11516.264,19.403,11.307,4.912,1317,18.466,1213
11523.229,19.403,11.307,4.912,1318,18.466,1213
11531.241,19.403,11.307,4.912,1319,18.466,1213
11542.368,19.403,11.307,4.912,1320,18.466,1213
11550.394,19.403,11.307,4.912,1321,18.466,1213
11564.185,19.403,11.307,4.912,1322,18.466,1213
11573.299,19.403,11.307,4.912,1323,18.466,1213
11581.427,19.403,11.307,4.912,1324,18.466,1213
11588.489,19.403,11.307,4.912,1325,18.466,1213
11597.412,19.407,11.307,4.912,1326,18.466,1213
11607.150,19.407,11.307,4.912,1327,18.466,1211
11615.107,19.407,11.307,4.912,1328,18.466,1211
11622.463,19.407,11.307,4.912,1329,18.466,1211
11630.298,19.407,11.307,4.912,1330,18.466,1211
11638.305,19.407,11.307,4.912,1331,18.466,1211
11651.511,19.407,11.307,4.912,1332,18.466,1211
11660.591,19.407,11.307,4.912,1333,18.466,1211
11673.066,19.407,11.307,4.912,1334,18.466,1211
11680.191,19.407,11.307,4.944,1335,18.466,1211
11688.253,19.407,11.307,4.944,1336,18.466,1211
11696.191,19.403,11.307,4.944,1337,18.466,1210
11704.128,19.403,11.307,4.944,1338,18.466,1210
11711.150,19.403,11.307,4.944,1339,18.466,1210
11720.128,19.403,11.307,4.944,1340,18.466,1210
11728.100,19.399,11.307,4.944,1341,18.466,1210
11736.135,19.399,11.307,4.944,1342,18.466,1210
11743.195,19.399,11.307,4.944,1343,18.466,1210
11752.421,19.399,11.307,4.944,1344,18.466,1210
11760.237,19.399,11.307,4.944,1345,18.466,1210
11769.270,19.399,11.307,4.944,1346,18.466,1210
11777.237,19.399,11.307,4.944,1347,18.466,1210
11784.303,19.399,11.307,4.944,1348,18.466,1211
11797.275,19.399,11.307,4.944,1349,18.466,1211
11808.555,19.399,11.307,4.944,1350,18.466,1211
11817.970,19.399,11.307,4.944,1351,18.466,1211
11826.460,19.399,11.307,4.944,1352,18.466,1211
11834.503,19.403,11.307,4.944,1353,18.466,1211
11844.126,19.403,11.307,4.944,1354,18.466,1211
11852.387,19.403,11.307,4.944,1355,18.466,1211
11861.113,19.403,11.307,4.944,1356,18.466,1211
11873.273,19.403,11.307,4.944,1357,18.466,1212
11881.154,19.403,11.307,4.944,1358,18.466,1212
11888.521,19.403,11.307,4.944,1359,18.466,1212
11896.348,19.403,11.307,4.944,1360,18.466,1212
11903.149,19.403,11.307,4.944,1361,18.466,1212
11914.803,19.403,11.307,4.944,1362,18.466,1212
11925.364,19.403,11.309,4.944,1363,18.466,1212
11935.386,19.403,11.309,4.944,1364,18.466,1212
11944.117,19.403,11.309,4.944,1365,18.466,1212
11955.315,19.403,11.309,4.944,1366,18.466,1212
11965.229,19.403,11.309,4.944,1367,18.466,1213
11975.902,19.403,11.309,4.944,1368,18.455,1213
11986.252,19.403,11.309,4.944,1369,18.455,1213
11998.128,19.403,11.309,4.944,1370,18.455,1213
12006.311,19.403,11.309,4.944,1371,18.455,1213
12015.257,19.403,11.309,4.944,1372,18.455,1213
12022.161,19.403,11.309,4.944,1373,18.455,1213
12029.145,19.403,11.309,4.944,1374,18.455,1213
12038.318,19.403,11.309,4.944,1375,18.455,1213
12053.130,19.403,11.309,4.944,1376,18.455,1215
12060.232,19.403,11.309,4.944,1377,18.455,1215
12067.443,19.403,11.309,4.944,1378,18.455,1215
12085.396,19.403,11.309,4.944,1379,18.455,1215
12092.444,19.403,11.309,4.944,1380,18.455,1215
12102.129,19.403,11.309,4.944,1381,18.455,1215
12110.101,19.403,11.309,4.944,1382,18.455,1215
12119.325,19.403,11.309,4.944,1383,18.455,1215
12126.414,19.403,11.309,4.944,1384,18.455,1215
12134.389,19.403,11.309,4.944,1385,18.455,1215
12141.272,19.403,11.309,4.944,1386,18.455,1217
12152.106,19.403,11.309,4.944,1387,18.455,1217
12164.244,19.403,11.309,4.983,1388,18.455,1217
12172.227,19.403,11.309,4.983,1389,18.455,1217
12179.372,19.403,11.309,4.983,1390,18.455,1217
12189.518,19.403,11.309,4.983,1391,18.455,1217
12196.298,19.407,11.309,4.983,1392,18.455,1217
12204.303,19.407,11.309,4.983,1393,18.455,1217
12211.119,19.407,11.309,4.983,1394,18.455,1217
12222.019,19.407,11.309,4.983,1395,18.455,1217
12230.081,19.403,11.309,4.983,1396,18.455,1219
12237.130,19.403,11.309,4.983,1397,18.455,1219
12244.094,19.403,11.309,4.983,1398,18.455,1219
12253.186,19.403,11.309,4.983,1399,18.455,1219
12261.086,19.403,11.309,4.983,1400,18.455,1219
12273.119,19.403,11.309,4.983,1401,18.455,1219
12280.189,19.403,11.309,4.983,1402,18.455,1219
12293.146,19.403,11.309,4.983,1403,18.455,1219
12305.164,19.399,11.309,4.983,1404,18.455,1219
12312.243,19.399,11.309,4.983,1405,18.455,1219
12320.048,19.399,11.309,4.983,1406,18.455,1220
12327.125,19.399,11.309,4.983,1407,18.455,1220
12334.378,19.403,11.309,4.983,1408,18.455,1220
12344.099,19.403,11.309,4.983,1409,18.455,1220
12352.159,19.403,11.309,4.983,1410,18.455,1220
12362.184,19.403,11.309,4.983,1411,18.455,1220
12369.139,19.403,11.309,4.983,1412,18.455,1220
12376.357,19.403,11.309,4.983,1413,18.455,1220
12383.197,19.403,11.309,4.983,1414,18.455,1220
12391.188,19.403,11.309,4.983,1415,18.455,1220
12399.307,19.403,11.308,4.983,1416,18.455,1220
12406.146,19.403,11.308,4.983,1417,18.455,1220
12413.286,19.403,11.308,4.983,1418,18.455,1222
12421.286,19.403,11.308,4.983,1419,18.455,1222
12428.080,19.399,11.308,4.983,1420,18.455,1222
12435.116,19.399,11.308,4.983,1421,18.455,1222
12443.347,19.399,11.308,4.983,1422,18.455,1222
12452.605,19.399,11.308,4.983,1423,18.455,1222
12467.483,19.399,11.308,4.983,1424,18.442,1222
12479.148,19.399,11.308,4.983,1425,18.442,1222
12486.095,19.399,11.308,4.983,1426,18.442,1222
12493.148,19.399,11.308,4.983,1427,18.442,1222
12500.270,19.399,11.308,4.983,1428,18.442,1223
12527.150,19.399,11.308,4.983,1429,18.442,1223
12534.314,19.399,11.308,4.983,1430,18.442,1223
12541.221,19.399,11.308,4.983,1431,18.442,1223
12552.201,19.399,11.308,4.983,1432,18.442,1223
12580.496,19.399,11.308,4.983,1433,18.442,1223
12608.254,19.399,11.308,4.983,1434,18.442,1222
12617.801,19.399,11.308,4.983,1435,18.442,1222
12632.688,19.399,11.308,5.041,1436,18.442,1222
12644.344,19.399,11.308,5.041,1437,18.442,1222
12655.229,19.399,11.308,5.041,1438,18.442,1222
12666.415,19.399,11.308,5.041,1439,18.442,1222
12675.647,19.399,11.308,5.041,1440,18.442,1222
12686.142,19.399,11.308,5.041,1441,18.442,1219
12702.118,19.399,11.308,5.041,1442,18.442,1219
12709.401,19.399,11.308,5.041,1443,18.442,1219
12716.542,19.399,11.308,5.041,1444,18.442,1219
12724.599,19.399,11.308,5.041,1445,18.442,1219
12731.280,19.403,11.308,5.041,1446,18.442,1219
12739.349,19.403,11.308,5.041,1447,18.442,1219
12747.501,19.403,11.308,5.041,1448,18.442,1219
12759.387,19.403,11.308,5.041,1449,18.442,1219
12769.207,19.403,11.308,5.041,1450,18.442,1215
12780.003,19.403,11.308,5.041,1451,18.442,1215
12789.117,19.403,11.308,5.041,1452,18.442,1215
12798.294,19.403,11.308,5.041,1453,18.442,1215
